#第一行名字内容，以后每行为高度 起始宽度 终止宽度 地域类型
1020604 怀仁 朔州 山西 大型县城 6
67 2945 2969                                                                3 3 1 1 1 2 2 2 2 2 1 1 1 1 1 1 1 1 1 1 1 1 1 1 1
68 2944 2970                                                             3 3 1 1 1 1 2 2 2 2 2 1 1 1 1 1 1 1 1 1 1 1 1 1 1 1 1
69 2942 2970                                                       3 3 3 1 1 1 1 1 2 2 2 2 2 1 1 1 1 1 1 1 1 1 1 1 1 1 1 1 1
70 2940 2971                                                 3 3 3 1 1 1 1 1 1 1 2 2 2 2 2 1 1 1 1 1 1 1 1 1 1 1 1 1 1 1 1 1
71 2939 2970                                              3 3 3 1 1 1 1 1 1 1 2 2 2 2 2 2 2 1 1 1 1 1 1 1 1 1 1 1 1 1 1 1
72 2938 2970                                           3 3 3 1 1 1 1 1 1 1 2 2 2 2 1 1 2 2 2 1 1 1 1 1 1 1 1 1 1 1 1 1 1
73 2936 2969                                     3 3 3 1 1 1 1 1 1 1 1 1 2 2 2 2 1 1 2 2 2 1 1 1 1 1 1 1 1 1 1 1 1 1
74 2936 2968                                     3 3 3 1 1 1 1 1 1 1 1 2 2 2 2 1 1 1 2 2 2 1 1 1 1 1 1 1 1 1 1 1 1
75 2936 2967                                     3 3 3 1 1 1 1 1 1 1 1 2 2 2 2 1 1 1 1 2 2 2 1 1 1 1 1 1 1 1 1 1
76 2936 2967                                     3 3 1 1 1 1 1 1 1 1 2 2 2 2 1 1 1 1 1 2 2 2 1 1 1 1 1 1 1 1 1 1
77 2936 2966                                     3 3 1 1 1 1 1 1 1 1 2 2 2 2 1 1 1 1 1 1 2 2 2 1 1 1 1 1 1 1 1
78 2936 2966                                     3 3 1 1 1 1 1 1 1 2 2 2 2 1 1 1 1 1 1 1 2 2 2 1 1 1 1 1 1 1 1
79 2936 2966                                     3 3 1 1 1 1 1 1 2 2 2 2 1 1 1 1 1 1 1 1 1 2 2 2 1 1 1 1 1 1 1
80 2936 2966                                     3 1 1 1 1 1 1 2 2 2 2 1 1 4 4 4 4 4 1 1 1 2 2 2 1 1 1 1 1 1 1
81 2936 2966                                     3 1 1 1 1 1 1 2 2 2 2 1 1 4 6 6 6 4 1 1 1 1 2 2 1 1 1 1 1 1 1
82 2937 2965                                        1 1 1 1 1 2 2 2 2 1 1 1 4 6 7 6 4 1 1 1 1 2 2 1 1 1 1 1 1
83 2937 2965                                        1 1 1 1 1 2 2 2 2 1 1 1 4 6 6 6 4 1 1 1 1 2 2 1 1 1 1 1 1
84 2937 2965                                        1 1 1 1 2 2 2 2 1 1 1 1 4 4 4 4 4 1 1 1 2 2 1 1 1 1 1 2 2
85 2937 2965                                        1 1 1 1 2 2 2 2 1 1 1 1 1 1 1 1 1 1 1 1 2 2 1 1 1 1 1 2 2
86 2937 2965                                        1 1 1 2 2 2 2 1 1 1 1 1 1 1 1 1 1 1 1 1 1 2 2 2 1 2 2 2 2
87 2936 2965                                     1 1 1 2 2 2 2 1 1 1 1 1 1 1 1 1 1 1 1 1 1 1 2 2 2 2 2 2 1 1
88 2937 2965                                        1 1 2 2 2 2 1 1 1 1 1 1 1 1 1 1 1 1 1 1 1 1 2 2 2 2 1 1 1
89 2937 2950                                        1 1 2 2 2 2 1 1 1 1 1 1 1 1
90 2936 2948                                     1 1 2 2 2 2 1 1 1 1 1 1 1
91 2936 2947                                     1 1 2 2 2 2 1 1 1 1 1 1
92 2937 2946                                        1 2 2 2 2 1 1 1 1 1
93 2936 2945                                     1 2 2 2 2 1 1 1 1 1
94 2937 2944                                        2 2 2 2 1 1 1 1
95 2937 2943                                        2 2 2 1 1 1 1
96 2936 2942                                     2 2 2 1 1 1 1
