#第一行名字内容，以后每行为高度 起始宽度 终止宽度 地域类型
1020501 晋城 晋城 山西 郡治 8
396 2919 2930                               3 3 3 3 1 1 1 1 1 1 1 1
397 2917 2931                         3 3 3 3 3 3 1 1 1 1 1 1 1 1 1
397 2942 2942                                                                                                    1
398 2916 2933                      3 3 3 3 3 3 3 1 1 1 1 1 1 1 1 1 1 1
398 2940 2944                                                                                              1 1 1 1 1
399 2916 2935                      3 3 3 3 3 3 1 1 1 1 1 1 1 1 1 1 1 1 1 1
399 2938 2945                                                                                        1 1 1 1 1 1 1 1 
400 2916 2945                      3 3 3 3 3 3 1 1 1 1 1 1 1 1 1 1 1 1 1 1 1 1 1 1 1 1 1 1 1 1
401 2916 2945                      3 3 3 3 3 3 1 1 1 1 1 1 1 1 1 1 1 1 1 1 1 1 1 1 1 1 1 1 1 1
402 2916 2945                      3 3 3 3 3 3 1 1 1 1 1 1 1 1 1 1 1 1 1 1 1 1 1 1 1 1 1 1 1 1
403 2916 2945                      3 3 3 3 3 3 1 1 1 1 1 1 1 1 1 1 1 1 1 1 1 1 1 1 1 1 1 1 1 1
404 2916 2946                      3 3 3 3 3 3 1 1 1 1 1 1 1 1 1 1 1 1 1 1 1 1 1 1 1 1 1 1 1 1 1
405 2916 2946                      3 3 3 3 3 1 1 1 1 1 1 1 1 1 1 1 1 1 1 1 1 1 1 1 1 1 1 1 1 1 1
406 2916 2946                      3 3 3 3 3 1 1 1 1 4 4 4 4 4 4 4 4 4 1 1 1 1 1 1 1 1 1 1 1 1 1
407 2916 2947                      3 3 3 3 3 1 1 1 1 4 4 4 4 4 4 4 4 4 1 1 1 1 1 1 1 1 1 1 1 1 1 1
408 2916 2947                      3 3 3 3 3 1 1 1 1 4 4 6 6 6 6 6 4 4 1 1 1 1 1 1 1 1 1 1 1 1 1 1
409 2916 2948                      3 3 3 3 3 1 1 1 1 4 4 6 6 6 6 6 4 4 1 1 1 1 1 1 1 1 1 1 1 1 1 1 1
410 2916 2948                      3 3 3 3 3 1 1 1 1 4 4 6 6 7 6 6 4 4 1 1 1 1 1 1 1 1 1 1 1 1 1 1 1
411 2916 2949                      3 3 3 3 3 1 1 1 1 4 4 6 6 6 6 6 4 4 1 1 1 1 1 1 1 1 1 1 1 1 1 1 1 1
412 2916 2949                      3 3 3 3 1 1 1 1 1 4 4 6 6 6 6 6 4 4 1 1 1 1 1 1 1 1 1 1 1 1 1 1 1 1
413 2916 2950                      3 3 3 3 1 1 1 1 1 4 4 4 4 4 4 4 4 4 1 1 1 1 1 1 1 1 1 1 1 1 1 1 1 1 1
414 2916 2950                      2 3 3 3 1 1 1 1 1 4 4 4 4 4 4 4 4 4 1 1 1 1 1 1 1 1 1 1 1 1 1 1 1 1 1
415 2916 2951                      2 3 3 3 1 1 1 1 1 1 1 1 1 1 1 1 1 1 1 1 1 1 1 1 1 1 1 1 1 1 1 1 1 1 1 1
416 2916 2953                      2 3 3 3 1 1 1 1 1 1 1 1 1 1 1 1 1 1 1 1 1 1 1 1 1 1 1 1 1 1 1 1 1 1 1 1 1 1
417 2916 2955                      2 3 3 3 1 1 1 1 1 1 1 1 1 1 1 1 1 1 1 1 1 1 1 1 1 1 1 1 1 1 1 1 1 1 1 1 1 1 1 1
418 2916 2957                      2 3 3 3 1 1 1 1 1 1 1 1 1 1 1 1 1 1 1 1 1 1 1 1 1 1 1 1 1 1 1 1 1 1 1 1 1 1 1 1 1 1
419 2916 2959                      2 3 3 1 1 1 1 1 1 1 1 1 1 1 1 1 1 1 1 1 1 1 1 1 1 1 1 1 1 1 1 1 1 1 1 1 1 1 1 1 1 1 1 1
420 2916 2961                      2 3 3 1 1 1 1 1 1 1 1 1 1 1 1 1 1 1 1 1 1 1 1 1 1 1 1 1 1 1 1 1 1 1 1 1 1 1 1 1 1 1 1 1 1 1
