#第一行名字内容，以后每行为高度 起始宽度 终止宽度 地域类型
1021002 河津 运城 山西 大型县城 7
385 2806 2809                                      1 1 1 1
386 2805 2810                                   2 1 1 1 1 1
387 2804 2811                                2 2 1 1 1 1 1 1
388 2803 2813                             2 2 2 1 1 1 1 1 1 1 1
389 2801 2815                       2 2 2 2 2 1 1 1 1 1 1 1 1 1 1
390 2801 2815                       2 2 2 2 2 1 1 1 1 1 1 1 1 1 1
391 2801 2815                       2 2 2 2 2 1 1 1 1 1 1 1 1 1 1
392 2801 2815                       2 2 2 2 2 1 1 1 1 1 1 1 1 1 1
393 2802 2815                          2 2 2 2 2 1 1 4 4 4 4 4 1 1
394 2802 2815                          2 2 2 2 2 1 1 4 6 6 6 4 1 1
395 2802 2815                          2 2 2 2 2 1 1 4 6 7 6 4 1 1
396 2802 2815                          2 2 2 2 2 1 1 4 6 6 6 4 1 1
397 2802 2815                          2 2 2 2 2 1 1 4 4 4 4 4 1 1
398 2803 2815                             2 2 2 2 2 1 1 1 1 1 1 1 1
399 2803 2815                             2 2 2 2 2 1 1 1 1 1 1 1 1
400 2803 2815                             2 2 2 2 2 1 1 1 1 1 1 1 1
401 2803 2815                             2 2 2 2 2 1 1 1 1 1 1 1 1
402 2803 2815                             2 2 2 2 2 1 1 1 1 1 1 1 1
403 2804 2815                                2 2 2 2 2 1 1 1 1 1 1 1
404 2804 2815                                2 2 2 2 2 1 1 1 1 1 1 1
405 2804 2815                                2 2 2 2 2 1 1 1 1 1 2 2
406 2804 2815                                2 2 2 2 2 2 2 2 2 2 2 2
407 2804 2815                                2 2 2 2 2 2 2 2 2 2 2 2
408 2805 2813                                   2 2 2 2 2 2 2 2 2
409 2807 2811                                         2 2 1 1 1
410 2809 2809                                               1
