#第一行名字内容，以后每行为高度 起始宽度 终止宽度 地域类型
1020404 武乡 长治 山西 中型县城 5
275 2906 2918          5 5 5 5 5 5 5 5 5 5 5 5 5
276 2906 2919          5 5 5 5 5 5 5 5 5 5 5 5 5 5
277 2907 2919             5 5 5 5 5 5 5 5 5 5 5 3 3
278 2907 2919             5 5 5 5 5 5 5 5 5 5 3 3 3
279 2907 2919             5 5 5 5 5 5 5 5 5 3 3 3 3
280 2907 2920             5 5 5 5 5 5 5 5 3 3 3 3 3 3
281 2907 2920             5 5 5 5 5 5 3 3 3 3 3 3 3 3
282 2908 2924                5 5 5 5 5 3 3 3 3 3 3 3 3 3 3 3 3
283 2908 2926                5 5 5 5 5 3 3 3 3 3 3 3 3 3 3 3 3 1 1
284 2908 2930                5 5 5 5 3 3 3 3 3 3 3 3 3 3 3 3 3 1 1 1 1 1 1
285 2908 2931                5 5 5 3 3 3 3 3 3 3 3 3 3 3 3 3 3 3 3 3 1 1 1 1
286 2908 2931                5 5 5 3 3 3 3 3 3 3 3 3 3 3 3 3 3 3 3 3 1 1 1 1
286 2947 2955                                                                                                                                     3 3 3 3 3 3 3 3 3
287 2910 2931                      3 3 3 3 3 3 3 3 3 3 3 3 3 3 3 3 3 3 1 1 1 1
287 2943 2956                                                                                                                         1 1 1 3 3 3 3 3 3 3 3 3 3 3
288 2911 2931                         3 3 3 3 3 3 3 3 3 3 3 3 3 3 3 3 3 1 1 1 1
288 2939 2957                                                                                                             2 2 1 1 1 1 3 3 3 3 3 3 3 3 3 3 3 3 3
289 2912 2931                            3 3 2 2 2 2 3 3 3 3 3 1 1 1 1 1 1 1 1 1
289 2935 2958                                                                                                 1 1 1 1 2 2 1 1 1 1 1 1 1 3 3 3 3 3 3 3 3 3 3 3
290 2914 2931                                  3 3 2 2 2 2 2 3 1 1 1 1 1 1 1 1 1 1
290 2933 2960                                                                                           1 1 1 1 1 1 2 2 1 1 1 1 1 1 1 1 1 1 3 3 3 3 3 3 3 3 3 3
291 2916 2960                                        3 3 2 2 2 2 2 2 1 1 1 1 1 1 1 1 1 1 1 1 1 1 1 1 2 2 1 1 1 1 1 1 1 1 1 1 3 3 3 3 3 3 3 3 3
292 2917 2959                                           3 3 3 1 2 2 2 2 2 2 2 1 1 1 1 1 1 1 1 1 1 1 1 2 2 1 1 1 1 1 1 1 1 1 1 1 1 1 3 3 3 3 3
293 2918 2959                                              3 3 1 1 1 1 2 2 2 2 2 2 2 1 1 1 1 1 1 1 1 1 2 2 1 1 1 1 1 1 1 1 1 1 1 1 1 1 3 3 3 3
294 2920 2958                                                    1 1 1 1 1 1 1 1 2 2 2 2 2 2 2 2 1 1 1 1 1 2 2 1 1 1 1 1 1 1 1 1 1 1 1 1 1 1 1
295 2921 2958                                                       1 1 1 1 1 1 1 1 1 1 2 2 2 2 2 2 2 2 2 2 2 2 1 1 1 1 1 1 1 1 1 1 1 1 1 1 1 1
296 2922 2957                                                          1 1 1 1 1 1 1 1 1 1 1 1 1 1 2 2 2 2 2 2 2 1 1 1 1 1 1 1 1 1 1 1 1 1 1 1
297 2922 2957                                                          1 1 1 1 1 1 1 1 1 4 4 4 4 4 1 1 1 1 1 2 2 2 2 2 2 2 2 1 1 1 1 1 1 1 1 1
298 2922 2956                                                          1 1 1 1 1 1 1 1 1 4 6 6 6 4 1 1 1 1 1 2 2 2 2 2 2 2 2 2 1 1 1 1 1 1 1
299 2922 2956                                                          1 1 1 1 1 1 1 1 1 4 6 7 6 4 1 1 1 1 1 1 1 1 1 1 1 1 1 2 2 1 1 1 1 1 1
300 2922 2955                                                          1 1 1 1 1 1 1 1 1 4 6 6 6 4 1 1 1 1 1 1 1 1 1 1 1 1 1 2 2 1 1 1 1 1
301 2922 2955                                                          1 1 1 1 1 1 1 1 1 4 4 4 4 4 1 1 1 1 1 1 1 1 1 1 1 1 1 2 2 1 1 1 1 1
302 2922 2954                                                          1 1 1 1 1 1 1 1 1 1 1 1 1 1 1 1 1 1 1 1 1 1 1 1 1 1 1 1 2 2 1 1 1
303 2922 2954                                                          1 1 1 1 1 1 1 1 1 1 1 1 1 1 1 1 1 1 1 1 1 1 1 1 1 1 1 1 2 2 1 1 1
304 2922 2953                                                          1 1 1 1 1 1 1 1 1 1 1 1 1 1 1 1 1 1 1 1 1 1 1 1 1 1 1 1 2 2 1 1
305 2922 2953                                                          1 1 1 1 1 1 1 1 1 1 1 1 1 1 1 1 1 1 1 1 1 1 1 1 1 1 1 1 1 2 2 1
306 2923 2952                                                             1 1 1 1 1 1 1 1 1 1 1 1 1 1 1 1 1 1 1 1 1 1 1 1 1 1 1 1 2 2
307 2940 2952                                                                                                                1 1 1 1 1 1 1 1 1 1 2 2 2
308 2941 2951                                                                                                                   1 1 1 1 1 1 1 2 2 2 2
309 2943 2951                                                                                                                         1 1 2 2 2 2 2 1 2
310 2945 2950                                                                                                                               2 2 2 2 1 1
311 2946 2949                                                                                                                                  1 1 1 1
312 2947 2949                                                                                                                                     1 1 1
