#第一行名字内容，以后每行为高度 起始宽度 终止宽度 地域类型
1020111 寿阳 太原 山西 小型县城 4
205 2929 2955                                5 5 5 5 5 5 5 5 5 5 5 5 5 5 5 5 5 5 3 3 3 3 3 3 3 3 3  
206 2930 2955                                   5 5 5 5 5 5 5 5 5 5 5 5 5 5 5 5 3 3 3 3 3 3 3 3 3 3
207 2930 2955                                   5 5 5 5 5 5 5 5 5 5 5 5 5 5 5 3 3 3 3 3 3 3 3 3 3 3
208 2925 2955                    5 5 5 5 5 5 5 5 5 5 5 5 5 5 5 5 5 5 3 3 3 3 3 3 3 3 3 3 3 3 3
209 2921 2955        5 5 5 5 5 5 5 5 5 5 5 5 5 5 5 5 5 5 5 5 3 3 3 3 3 3 3 3 3 3 3 3 3 3 3
210 2920 2955     5 5 5 5 5 5 5 5 5 5 5 5 5 5 5 5 5 5 5 5 3 3 3 3 3 3 3 3 3 3 3 3 3 3 3 3
211 2921 2958        5 5 5 5 5 5 5 5 5 5 5 5 5 5 5 5 5 5 3 3 3 3 3 3 3 3 3 3 3 3 3 3 3 3 3 3 1 1
212 2921 2958        5 5 5 5 5 5 5 5 5 5 5 5 5 5 5 5 5 3 3 3 3 3 3 3 3 3 3 3 3 3 3 3 3 3 3 1 1 3
213 2921 2958        5 5 5 5 5 5 5 5 5 5 5 5 5 5 5 3 3 3 3 3 3 3 3 3 3 3 3 3 3 3 3 3 3 3 1 1 3 3
214 2926 2961                       3 3 3 3 3 3 3 3 3 3 3 3 3 3 3 3 3 3 3 3 3 3 3 3 3 3 3 3 1 1 3 3 3 3 3 3
215 2926 2961                       3 3 3 3 3 3 3 3 3 3 3 3 3 3 3 3 3 3 3 3 3 3 3 3 3 3 3 3 1 1 3 3 3 3 3 3
216 2926 2961                       3 3 3 3 3 3 3 3 3 3 3 3 3 3 3 3 3 3 3 3 3 3 3 3 3 3 3 1 1 3 3 3 3 3 3 3
217 2926 2961                       3 3 3 3 3 3 3 3 3 3 3 3 3 3 3 3 3 3 3 3 3 3 3 3 3 3 3 1 1 3 3 3 3 3 3 3
218 2926 2961                       3 3 3 3 3 3 3 3 3 3 3 3 3 3 1 1 1 1 1 1 1 1 1 1 1 1 1 1 1 3 3 3 3 3 3 3
219 2926 2961                       3 3 3 3 3 3 3 3 3 3 3 3 1 1 1 1 1 1 1 4 4 4 4 4 1 1 1 1 1 3 3 3 3 3 3 3
220 2926 2961                       3 3 3 3 3 3 3 3 3 3 1 1 1 1 1 1 1 1 1 4 6 6 6 4 1 1 1 1 1 1 1 1 1 1 1 1
221 2926 2961                       3 3 3 3 3 3 3 3 3 1 1 1 1 1 1 1 1 1 1 4 6 7 6 4 1 1 1 1 1 1 2 2 2 2 2 2
222 2926 2961                       3 3 3 3 3 3 3 3 1 1 1 1 1 1 1 1 1 1 1 4 6 6 6 4 1 1 1 2 2 2 2 2 2 2 2 2
223 2926 2961                       3 3 3 3 3 3 1 1 1 1 1 1 1 1 1 1 1 1 1 4 4 4 4 4 1 1 2 2 2 2 1 1 1 1 1 1
224 2926 2961                       3 3 3 3 1 1 1 1 1 1 1 1 1 1 1 1 1 1 1 1 1 1 1 1 1 1 1 1 1 1 3 3 3 3 3 3
225 2926 2961                       3 3 1 1 1 1 1 1 1 1 1 1 1 1 1 1 1 1 1 1 1 1 1 3 3 3 3 3 3 3 3 3 3 3 3 3
226 2926 2961                       1 1 1 1 1 1 1 1 1 1 1 1 1 1 1 1 1 1 1 1 1 3 3 3 3 3 3 3 3 3 3 3 3 3 3 3
227 2926 2961                       1 1 1 1 1 1 1 1 1 1 1 1 1 1 1 1 1 1 1 3 3 3 3 3 3 3 3 3 3 3 3 3 3 3 3 3
228 2926 2961                       1 1 1 1 1 1 1 1 1 1 1 1 1 1 1 1 3 3 3 3 3 3 3 3 3 3 3 3 3 3 3 3 3 3 3 3
229 2926 2961                       1 1 1 1 1 1 1 1 1 1 1 1 1 1 1 1 3 3 3 3 3 3 3 3 3 3 3 3 3 3 3 3 3 3 3 3
230 2931 2960                                      1 1 1 1 1 1 1 1 1 1 3 3 3 3 3 3 3 3 3 3 3 3 3 3 3 3 3 3 3 3
231 2931 2960                                      1 1 1 1 1 1 1 1 1 1 3 3 3 3 3 3 3 3 3 3 3 3 3 3 3 3 3 3 3 3
232 2932 2959                                         1 1 1 1 1 1 3 3 3 3 3 3 3 3 3 3 3 3 3 3 3 3 3 3 3 3 3 3
233 2933 2959                                            1 1 1 1 3 3 3 3 3 3 3 3 3 3 3 3 3 3 3 3 3 3 3 3 3 3 3
234 2934 2958                                               1 1 3 3 3 3 3 3 3 3 3 3 3 3 3 3 3 3 3 3 3 3 3 3 3
235 2935 2958                                                  1 1 3 3 3 3 3 3 3 3 3 3 3 3 3 3 3 3 3 3 3 3 3 3
236 2936 2958                                                     1 3 3 3 3 3 3 3 3 3 3 3 3 3 3 3 3 3 3 3 3 3 3
237 2936 2958                                                     3 3 3 3 3 3 3 3 3 3 3 3 3 3 3 3 3 3 3 3 3 3 3
238 2937 2958                                                        3 3 3 3 3 3 3 3 3 3 3 3 3 3 3 3 3 3 3 3 3 3
239 2937 2958                                                        3 3 3 3 3 3 3 3 3 3 3 3 3 3 3 3 3 3 3 3 3 3
240 2939 2958                                                              3 3 3 3 3 3 3 3 3 3 3 3 3 3 3 3 3 3 3 3
241 2937 2958                                                        3 3 3 3 3 3 3 3 3 3 3 3 3 3 3 3 3 3 3 3 3 3
242 2937 2958                                                        3 3 3 3 3 3 3 3 3 3 3 3 3 3 3 3 3 3 3 3 3 3
243 2937 2958                                                        3 3 3 3 3 3 3 3 3 3 3 3 3 3 3 3 3 3 3 3 3 3
