#第一行名字内容，以后每行为高度 起始宽度 终止宽度 地域类型
1020401 上党 长治 山西 郡治 8
329 2931 2944                                 1 1 1 1 1 1 1 1 1 1 1 1 1 1
330 2931 2944                                 1 1 1 1 1 1 1 1 1 1 1 1 1 1
331 2931 2945                                 1 1 1 1 1 1 1 1 1 1 1 1 1 1 1
332 2931 2945                                 1 1 1 1 1 1 1 1 1 1 1 1 1 1 1
333 2931 2946                                 1 1 1 1 1 1 1 1 1 1 1 1 1 1 1 1
334 2931 2946                                 1 1 1 1 1 1 1 1 1 1 1 1 1 1 1 1
335 2931 2947                                 1 1 1 1 1 1 1 1 1 1 1 1 1 1 1 1 1
336 2931 2947                                 1 1 1 1 1 1 1 1 1 1 1 1 1 1 1 1 1
337 2931 2948                                 1 1 1 1 1 1 1 1 1 1 1 1 1 1 1 1 1 1
338 2931 2948                                 1 1 1 1 1 1 1 1 1 1 1 1 1 1 1 1 1 1
339 2931 2949                                 1 1 1 4 4 4 4 4 4 4 4 4 1 1 1 1 1 1 1
340 2931 2949                                 1 1 1 4 4 4 4 4 4 4 4 4 1 1 1 1 1 1 1
341 2931 2950                                 1 1 1 4 4 6 6 6 6 6 4 4 1 1 1 1 1 1 1 1
342 2931 2951                                 1 1 1 4 4 6 6 6 6 6 4 4 1 1 1 1 1 1 1 1 1
343 2931 2952                                 1 1 1 4 4 6 6 7 6 6 4 4 1 1 1 1 1 1 1 1 1 1
344 2931 2952                                 1 1 1 4 4 6 6 6 6 6 4 4 1 1 1 1 1 1 1 1 1 1
345 2930 2952                              1 1 1 1 4 4 6 6 6 6 6 4 4 1 1 1 1 1 1 1 1 1 1
346 2930 2952                              1 1 1 1 4 4 4 4 4 4 4 4 4 1 1 1 1 1 1 1 1 1 1
347 2930 2952                              1 1 1 1 4 4 4 4 4 4 4 4 4 1 1 1 1 1 1 1 1 1 1
348 2930 2953                              1 1 1 1 1 1 1 1 1 1 1 1 1 1 1 1 1 1 1 1 1 1 1 1
349 2930 2953                              1 1 1 1 1 1 1 1 1 1 1 1 1 1 1 1 1 1 1 1 1 1 1 1
350 2933 2952                                       1 1 1 1 1 1 1 1 1 1 1 1 1 1 1 1 1 1 1 1
351 2936 2952                                                1 1 1 1 1 1 1 1 1 1 1 1 1 1 1 1 1
352 2939 2951                                                         1 1 1 1 1 1 1 1 1 1 1 1 1
353 2942 2951                                                                  1 1 1 1 1 1 1 1 1 1
354 2945 2951                                                                           1 1 1 1 1 1 1
355 2948 2951                                                                                    1 1 1 1
