#第一行名字内容，以后每行为高度 起始宽度 终止宽度 地域类型
1020911 襄汾 临汾 山西 中型县城 5
357 2841 2844                     3 1 1 1
358 2840 2845                  3 3 1 1 1 1
359 2840 2846                  3 3 1 1 1 1 1
360 2840 2847                  3 3 1 1 1 1 1 1
361 2840 2848                  3 3 1 1 1 1 1 1 1
362 2840 2849                  3 3 1 1 1 1 1 1 1 2 
363 2840 2850                  3 3 1 1 1 1 1 1 2 2 2
364 2840 2851                  3 3 1 1 1 1 1 1 2 2 2 1 
365 2840 2852                  3 1 1 1 1 1 1 1 2 2 2 1 1 
366 2840 2853                  3 1 1 1 1 1 1 1 2 2 2 1 1 1 
367 2840 2854                  3 1 1 1 1 1 1 2 2 2 1 1 1 1 1
368 2840 2855                  3 1 1 1 1 1 1 2 2 2 1 1 1 1 1 1 
369 2840 2856                  3 1 1 1 1 1 1 2 2 2 1 1 1 1 1 1 1
370 2840 2857                  3 1 1 1 1 1 1 2 2 2 1 1 1 1 1 1 1 1 
371 2840 2865                  1 1 1 1 1 1 1 2 2 2 1 1 1 1 1 1 1 1 1 1 1 1 1 1 1 1
372 2840 2865                  1 1 1 1 1 1 2 2 2 1 1 1 1 1 1 1 1 1 1 1 1 1 1 1 1 1
373 2839 2865               3 1 1 1 1 1 1 2 2 2 1 1 1 1 1 1 1 1 1 1 1 1 1 1 1 1 1
374 2839 2865               3 1 1 1 1 1 1 2 2 2 1 1 1 1 1 1 1 1 1 1 1 1 1 1 1 1 1
375 2838 2861            3 3 1 1 1 1 1 1 2 2 2 1 1 1 1 1 1 1 1 1 1 1 1 1
376 2838 2857            3 1 1 1 1 1 1 1 2 2 2 1 1 1 1 1 1 1 1 1
377 2837 2853         3 3 1 1 1 4 4 4 4 4 2 1 1 1 1 1 1
378 2837 2850         3 3 1 1 1 4 6 6 6 4 2 1 1 1
379 2836 2850      3 1 1 1 1 1 4 6 7 6 4 2 1 1 1
380 2836 2850      3 1 1 1 1 1 4 6 6 6 4 2 1 1 1
381 2837 2850         1 1 1 1 1 4 4 4 4 4 1 1 1 1
382 2837 2850         1 1 1 1 1 1 1 2 2 2 1 1 1 1
383 2838 2850            1 1 1 1 1 1 2 2 2 1 1 1 1
384 2838 2850            1 1 1 1 1 1 2 2 2 1 1 1 1
385 2839 2850               1 1 1 1 1 2 2 2 1 1 1 1
386 2839 2850               1 1 1 1 2 2 2 1 1 1 1 1
387 2840 2850                  1 1 1 2 2 2 1 1 1 1 1
388 2840 2850                  1 1 1 2 2 2 1 1 1 1 1
389 2841 2850                     1 1 2 2 2 1 1 1 1 1
390 2841 2850                     1 1 2 2 2 1 1 1 1 1
