#第一行名字内容，以后每行为高度 起始宽度 终止宽度 地域类型
1021005 绛县 运城 山西 大型县城 6
398 2863 2867                                       1 1 1 1 1
399 2859 2870                           1 1 1 1 1 1 1 1 1 1 1 1
400 2855 2873               1 1 1 1 1 1 1 1 1 1 1 1 1 1 1 1 1 1 1
401 2855 2876               1 1 1 1 1 1 1 1 1 1 1 1 1 1 1 1 1 1 1 1 1 1
402 2855 2876               1 1 1 1 1 1 1 1 1 1 1 1 1 1 1 1 1 1 1 1 1 1
403 2855 2876               1 1 1 1 1 1 1 1 1 1 1 1 1 1 1 1 1 1 1 1 1 1
404 2854 2876            1 1 1 1 1 1 1 1 1 1 1 1 1 1 1 1 1 1 1 1 1 1 1
405 2854 2875            1 1 1 1 1 1 1 1 1 1 1 1 1 1 1 1 1 1 1 1 1 1
406 2853 2875         1 1 1 1 1 1 1 1 1 1 1 1 1 1 1 1 1 1 1 1 1 1 1
407 2853 2875         1 1 1 1 1 1 1 1 1 1 1 1 1 1 1 1 1 1 1 1 1 1 1
408 2852 2874      1 1 1 1 1 1 1 1 1 1 1 1 1 1 1 1 1 1 1 1 1 1 1
409 2852 2874      1 1 1 1 1 1 1 1 4 4 4 4 4 1 1 1 1 1 1 1 1 1 1
410 2853 2874         1 1 1 1 1 1 1 4 6 6 6 4 1 1 1 1 1 1 1 1 1 1
411 2853 2873         1 1 3 3 1 1 1 4 6 7 6 4 1 1 1 1 1 1 1 1 1
412 2854 2873            3 3 3 1 1 1 4 6 6 6 4 1 1 1 1 1 1 1 1 1
413 2854 2873            3 3 3 1 1 1 4 4 4 4 4 1 1 1 1 1 1 1 1 1
414 2855 2874               1 1 1 1 1 1 1 1 1 1 1 1 1 1 1 1 1 1 1 1
415 2857 2875                     1 1 1 1 1 1 1 1 1 1 1 1 1 1 1 1 1 1 1
416 2858 2875                        1 1 1 1 1 1 1 1 1 1 1 1 1 1 1 1 1 1
417 2859 2875                           1 1 1 1 1 1 1 1 1 1 1 1 1 1 1 5 5
418 2860 2876                              1 1 1 1 1 1 1 1 1 1 5 5 5 5 5 5 5
419 2868 2876                                                      5 5 5 5 5 5 5 5 5
