#第一行名字内容，以后每行为高度 起始宽度 终止宽度 地域类型
1020107 交城 太原 山西 中型县城 5
213 2858 2869                   5 5 5 5 5 5 5 5 5 5 5 5
214 2856 2870             5 5 5 5 5 5 5 5 5 5 5 5 5 5 5
215 2855 2871          5 5 5 5 5 5 5 5 5 5 5 5 5 5 5 5 5
216 2855 2872          5 5 5 5 5 5 5 5 5 5 5 5 5 5 5 5 5 5
217 2854 2873       5 5 5 5 5 5 5 5 5 5 5 5 5 5 5 5 5 5 5 5
218 2854 2873       5 5 5 5 5 5 5 5 5 5 5 5 5 5 5 5 5 5 5 5
219 2853 2874    5 5 5 5 5 5 5 5 5 5 5 5 5 5 5 5 5 5 5 5 5 5
220 2854 2874       5 5 5 5 5 5 5 5 5 5 5 5 5 5 5 5 5 5 5 5 5
221 2854 2875       5 5 5 5 5 5 5 5 5 5 5 5 5 5 5 5 5 5 5 5 5 5
222 2855 2875          5 5 5 5 5 5 5 5 5 5 5 5 5 5 5 5 5 5 5 5 5
223 2855 2876          5 5 5 5 5 5 5 5 5 5 5 5 5 5 5 5 5 5 5 5 5 5
224 2855 2876          5 5 5 5 5 5 5 5 5 5 5 5 5 5 5 5 5 5 5 5 5 5
225 2855 2877          5 5 5 5 5 5 5 5 5 5 5 5 5 5 5 1 1 1 1 1 1 1 1
226 2855 2878          5 5 5 5 5 5 5 5 5 5 5 5 5 5 1 1 1 1 1 1 1 1 1 1
227 2855 2879          5 5 5 5 5 5 5 5 5 5 5 5 5 1 1 1 1 1 1 1 1 1 1 1 1
228 2855 2880          5 5 5 5 5 5 5 5 5 5 5 5 5 1 1 1 1 1 1 1 1 1 1 1 1 1
229 2857 2880                5 5 5 5 5 5 5 5 5 5 5 1 1 1 1 1 4 4 4 4 4 1 1 1
230 2857 2881                5 5 5 5 5 5 5 5 5 5 5 1 1 1 1 1 4 6 6 6 4 1 1 1 1
231 2857 2881                5 5 5 5 5 5 5 5 5 5 1 1 1 1 1 1 4 6 7 6 4 1 1 1 1
232 2857 2882                5 5 5 5 5 5 5 5 5 5 1 1 1 1 1 1 4 6 6 6 4 1 1 1 1 1
233 2857 2883                5 5 5 5 5 5 5 5 5 1 1 1 1 1 1 1 4 4 4 4 4 1 1 1 1 1 1
234 2857 2884                5 5 5 5 5 5 5 5 5 1 1 1 1 1 1 1 1 1 1 1 1 1 1 1 1 1 1 1
235 2858 2885                   5 5 5 5 5 5 5 1 1 1 1 1 1 1 1 1 1 1 1 1 1 1 1 1 1 1 1 1
236 2860 2885                         5 5 5 5 1 1 1 1 1 1 1 1 1 1 1 1 1 1 1 1 1 1 1 1 1 1
237 2862 2886                               5 1 1 1 1 1 1 1 1 1 1 1 1 1 1 1 1 1 1 1 1 1 1 1 1
238 2864 2886                                     1 1 1 1 1 1 1 1 1 1 1 1 1 1 1 1 1 1 1 1 1 2 2
