#第一行名字内容，以后每行为高度 起始宽度 终止宽度 地域类型
1020606 偏关 朔州 山西 中型县城 5
82 2850 2853                                                           5 5 5 5
81 2849 2856                                                        5 5 5 5 5 5 5 5
82 2848 2858                                                     5 5 5 5 5 5 5 5 5 5 5
83 2847 2860                                                  2 5 5 5 5 5 5 5 5 5 5 5 5 5
84 2846 2863                                               5 2 2 5 5 5 5 5 5 5 5 5 5 5 5 5 5 5
85 2845 2881                                            5 5 2 2 5 5 5 5 5 5 5 5 5 5 5 3 3 3 3 3 3 5 5 5 5 5 5 5 5 5 5 5 5 5 5 5 5
86 2844 2881                                         5 5 5 2 2 5 5 5 5 5 5 5 1 1 1 3 1 1 1 1 3 3 3 3 3 3 3 3 3 5 5 5 5 5 5 5 5 5
87 2844 2882                                         5 5 5 2 2 5 5 5 1 1 1 1 1 1 1 1 1 1 1 1 1 1 1 3 3 3 3 3 3 5 5 5 5 5 5 5 5 5 5
88 2843 2882                                      5 5 5 5 2 2 5 5 1 1 1 1 1 1 1 1 1 1 1 1 1 1 1 1 1 1 1 1 3 3 5 5 5 5 5 5 5 5 5 5
89 2844 2883                                         5 5 5 2 2 1 1 1 1 1 1 1 1 1 1 1 1 1 1 1 1 1 1 1 1 1 1 1 1 3 3 3 3 3 3 5 5 1 5 5
90 2845 2884                                            5 5 2 2 1 1 1 1 1 1 1 1 1 1 1 1 1 1 1 1 1 1 1 1 1 1 1 1 1 1 1 1 1 1 1 1 1 1 1 1
91 2846 2884                                               5 5 2 2 1 1 1 1 1 1 1 1 1 1 1 1 1 1 1 1 1 1 1 1 1 1 1 1 1 1 1 1 1 1 1 1 1 1 1
92 2847 2885                                                  5 5 2 2 1 1 1 1 1 1 1 1 1 1 1 1 1 1 1 1 1 1 1 1 1 1 1 1 1 1 1 3 3 1 5 1 5 5 5
93 2847 2885                                                  5 5 2 2 2 1 1 1 1 1 1 1 1 1 1 1 1 1 1 1 1 1 1 1 1 1 1 1 1 3 3 3 3 5 5 5 5 5 5
94 2848 2885                                                     5 5 2 2 2 1 1 1 1 1 1 1 1 1 1 1 1 1 1 1 1 1 1 1 1 1 1 1 3 3 3 3 5 5 5 5 5 5
95 2848 2886                                                     1 1 1 2 2 2 2 2 1 1 1 1 1 1 1 1 1 1 1 1 1 1 1 1 1 1 1 1 1 3 3 3 5 5 5 5 5 5 5
96 2849 2886                                                        1 1 1 2 2 2 2 2 2 1 1 1 1 1 1 1 1 1 1 1 1 1 1 1 1 1 1 1 3 3 3 5 5 5 5 5 5 5
97 2850 2886                                                           1 1 1 1 1 1 2 2 2 1 1 1 1 1 1 1 1 1 1 1 1 1 1 1 1 1 3 3 3 3 5 5 5 5 5 5 5
98 2853 2884                                                                    1 1 1 1 1 1 1 1 1 1 1 1 1 1 1 1 1 1 1 1 1 1 1 1 3 3 3 5 5 5 5 5
99 2854 2883                                                                       1 1 1 1 1 1 1 1 1 1 1 1 1 1 1 1 1 1 1 1 1 1 1 3 3 3 5 5 5 5
100 2855 2882                                                                        1 1 1 1 1 1 1 1 1 4 4 4 4 4 1 1 1 1 1 1 1 3 3 3 3 5 5 5
101 2856 2881                                                                           1 1 1 1 1 1 1 1 4 6 6 6 4 1 1 1 1 1 1 1 3 3 3 5 5 5
102 2857 2880                                                                              1 1 1 1 1 1 1 4 6 7 6 4 1 1 1 1 1 1 1 3 3 3 5 5
103 2858 2879                                                                                 1 1 1 1 1 1 4 6 6 6 4 1 1 1 1 1 1 1 1 3 3 3
104 2859 2878                                                                                    1 1 1 1 1 4 4 4 4 4 1 1 1 1 3 3 3 3 3 3
105 2860 2877                                                                                       1 1 1 1 1 1 1 1 1 1 1 1 3 3 3 3 3 3
106 2861 2876                                                                                          1 1 1 1 1 1 1 1 1 1 3 3 3 3 3 3
107 2862 2873                                                                                             1 1 1 1 1 1 1 3 3 3 3 3
108 2863 2872                                                                                                1 1 1 1 1 3 3 3 3 3
109 2864 2871                                                                                                   1 1 1 1 3 3 3 3
110 2866 2870                                                                                                         1 3 3 3 3
