#第一行名字内容，以后每行为高度 起始宽度 终止宽度 地域类型
1020603 山阴 朔州 山西 大型县城 7
74 2914 2935                                                                   3 3 3 3 3 3 3 3 3 3 3 3 3 3 3 3 3 3 3 3 3 3
75 2913 2935                                                                3 3 3 3 3 3 3 3 3 3 3 3 3 3 3 3 3 3 3 3 3 3 3
76 2913 2935                                                                3 3 3 3 3 3 3 3 3 3 3 3 3 3 3 3 3 3 3 3 3 3 3
77 2913 2935                                                                3 3 3 3 3 3 3 3 3 3 3 3 3 3 3 3 3 3 3 3 3 3 3
78 2913 2935                                                                3 3 3 3 3 3 3 3 3 3 3 3 3 3 3 3 3 3 3 3 3 3 3
79 2913 2935                                                                3 3 3 3 3 3 3 3 3 3 3 3 3 3 3 3 3 3 3 3 3 3 3
80 2913 2935                                                                3 3 3 3 3 3 3 3 3 3 3 3 3 3 3 3 3 3 3 3 3 3 3
81 2914 2935                                                                   3 3 3 3 3 3 3 3 3 3 3 3 3 3 3 3 3 3 3 3 3 3
82 2913 2936                                                                3 3 3 3 3 3 3 3 3 3 3 3 3 3 3 3 3 3 3 3 3 3 1 1
83 2913 2936                                                                3 3 3 3 3 3 3 3 3 3 3 3 3 3 3 3 3 3 3 3 1 1 1 1
84 2913 2936                                                                3 3 3 3 3 3 3 3 3 3 3 3 3 3 3 3 3 3 1 1 1 1 1 1
85 2913 2936                                                                3 3 3 3 3 3 3 3 3 3 3 3 3 3 3 3 1 1 1 1 1 1 1 1
86 2913 2936                                                                3 3 3 3 3 3 3 3 3 3 3 3 3 3 1 1 1 1 1 1 1 1 1 1
87 2914 2935                                                                   3 3 3 3 3 3 3 3 3 3 3 1 1 1 1 1 1 1 1 1 1 1
88 2913 2936                                                                3 3 3 3 3 3 3 3 3 3 1 1 1 1 1 1 1 1 1 1 1 1 1 1
89 2913 2936                                                                3 3 3 3 3 3 3 3 1 1 1 1 1 1 1 1 1 1 1 1 1 1 1 1
90 2915 2935                                                                      3 3 3 3 1 1 1 1 1 1 1 1 1 1 1 1 1 1 1 1 1
91 2917 2935                                                                            1 1 1 1 1 1 1 1 1 1 1 1 1 1 1 1 1 1 1
92 2917 2936                                                                            1 1 1 1 1 1 1 1 1 1 1 1 1 1 1 1 1 1 1 1
93 2917 2935                                                                            1 1 1 1 1 1 1 1 1 1 1 1 1 1 1 1 1 1 1
94 2917 2936                                                                            1 1 1 1 1 1 1 1 1 1 1 1 1 1 1 1 1 1 1 1
95 2917 2936                                                                            1 1 1 1 1 1 4 4 4 4 4 1 1 1 1 1 1 1 1 2
96 2917 2935                                                                            1 1 1 1 1 1 4 6 6 6 4 1 1 1 1 1 1 1 2
97 2918 2942                                                                               1 1 1 1 1 4 6 7 6 4 1 1 1 1 1 1 2 2 2 2 1 1 1 1 1
98 2918 2942                                                                               1 1 1 1 1 4 6 6 6 4 1 1 1 1 1 1 2 2 2 2 1 1 1 1 1
99 2918 2942                                                                               1 1 1 1 1 4 4 4 4 4 1 1 1 1 1 2 2 2 2 1 1 1 1 1 1
100 2919 2942                                                                                1 1 1 1 1 1 1 1 1 1 1 1 1 2 2 2 2 1 1 1 1 1 1 1
101 2919 2942                                                                                1 1 1 1 1 1 1 1 1 1 1 2 2 2 2 2 1 1 1 1 1 1 1 1
102 2919 2942                                                                                1 1 1 1 1 1 1 1 1 2 2 2 2 2 2 1 1 1 1 1 1 1 1 1
103 2920 2942                                                                                   1 1 1 1 1 1 2 2 2 2 2 2 2 1 1 1 1 1 1 1 1 1 1
104 2920 2942                                                                                   1 1 1 2 2 2 2 2 2 2 2 2 2 1 1 1 1 1 1 1 1 1 1
105 2920 2942                                                                                   2 2 2 2 2 2 2 2 1 1 1 1 1 1 1 1 1 1 1 1 1 1 1
106 2920 2942                                                                                   2 2 2 2 2 2 1 1 1 1 1 1 1 1 1 1 1 1 1 1 1 1 1
107 2920 2942                                                                                   2 2 2 1 1 1 1 1 1 1 1 1 1 1 1 1 1 1 1 1 1 1 1
108 2920 2943                                                                                   1 1 1 1 1 1 1 1 1 1 1 1 1 1 1 1 1 1 1 1 1 1 1 1
109 2920 2943                                                                                   1 1 1 1 1 1 1 1 1 1 1 1 1 1 1 1 1 1 1 1 1 1 1 1
110 2920 2943                                                                                   1 1 1 1 1 1 1 1 1 1 1 1 1 1 1 1 1 1 1 1 1 1 1 1
111 2920 2941                                                                                   1 1 1 1 1 1 1 1 1 1 1 1 1 1 1 1 1 1 1 1 1 1
112 2920 2938                                                                                   1 1 1 1 1 1 1 1 1 1 1 1 1 1 1 1 1 1 1
113 2919 2936                                                                                1 1 1 1 1 1 1 1 1 1 1 1 1 1 1 1 1 1
114 2919 2935                                                                                1 1 1 1 1 1 1 1 1 1 1 1 1 1 1 1 1
115 2919 2934                                                                                1 1 1 1 1 1 1 1 1 1 1 1 1 1 1 1
116 2919 2933                                                                                1 1 1 1 1 1 1 1 1 1 1 1 1 1 1
117 2919 2932                                                                                1 1 1 1 1 1 1 1 1 1 1 1 1 1
118 2919 2931                                                                                1 1 1 1 1 1 1 1 1 1 1 1 1
119 2919 2930                                                                                1 1 1 1 1 1 1 1 1 1 1 1
120 2920 2928                                                                                   1 1 1 1 1 1 1 1 1
121 2920 2927                                                                                   1 1 1 1 1 1 1 1
122 2920 2925                                                                                   1 1 1 1 1 1

