#第一行名字内容，以后每行为高度 起始宽度 终止宽度 地域类型
1020408 黎城 长治 山西 中型县城 5
291 2961 2962                                  3 3
292 2960 2964                               3 3 3 3 3
293 2960 2966                               3 3 3 3 3 3 3
294 2959 2968                            3 3 3 3 3 3 3 3 3 3
295 2959 2970                            3 3 3 3 3 3 3 3 3 3 3 3
296 2958 2972                         3 3 3 3 3 3 3 3 3 3 3 3 5 5 5
297 2958 2974                         3 3 3 3 3 3 3 3 3 3 3 3 5 5 5 5 5
298 2957 2976                      3 3 3 3 3 3 3 3 3 3 3 3 5 5 5 5 5 5 5 5
299 2957 2978                      3 3 3 3 3 3 3 3 3 3 3 5 5 5 5 5 5 5 5 5 5 5
300 2956 2980                   3 3 3 3 3 3 3 3 3 3 3 3 5 5 5 5 5 5 5 5 5 5 5 5 5
301 2956 2994                   3 3 3 3 3 3 3 3 3 3 5 5 5 5 5 5 5 5 5 5 5 5 5 5 5 5 5 5 5 5 5 5 5 5 5 5 5 5 5
302 2955 2995                3 3 3 3 3 3 3 3 3 3 5 5 5 5 5 5 5 5 5 5 5 5 5 5 5 5 5 5 5 5 5 5 5 5 5 5 5 5 5 5 5
303 2955 2995                3 3 3 3 3 3 3 3 3 5 5 5 5 5 5 5 5 5 5 5 5 5 5 5 5 5 5 5 5 5 5 5 5 5 5 5 5 5 5 5 5
304 2954 2995             3 3 3 3 3 3 3 3 3 3 5 5 5 5 5 5 5 5 5 5 5 5 5 5 5 5 5 5 5 5 5 5 5 5 5 5 5 5 5 5 5 5
305 2954 2994             3 3 3 3 3 3 3 3 3 3 5 5 5 5 5 5 5 5 5 5 5 5 5 5 5 5 5 5 5 5 5 5 5 5 5 5 5 5 5 5 5
306 2953 2994          3 3 3 3 3 3 3 3 3 3 5 5 5 5 5 5 5 5 5 5 5 5 5 5 5 5 5 5 5 5 5 5 5 5 5 5 5 5 5 5 5 5
307 2953 2995          3 3 3 3 3 3 3 3 3 3 5 5 5 5 5 5 5 5 5 5 5 5 5 5 5 5 5 5 5 5 5 5 5 5 5 5 5 5 5 5 5 5 5
308 2952 2995       2 3 3 3 3 3 3 3 3 3 5 5 5 5 5 5 5 5 5 5 5 5 5 5 5 5 5 5 5 5 5 5 5 5 5 5 5 5 5 5 5 5 5 5
309 2952 2996       2 3 3 3 3 3 3 3 3 5 5 5 5 5 5 5 5 5 5 5 5 5 5 5 5 5 5 5 5 5 5 5 5 5 5 5 5 5 5 5 5 5 5 5 3
310 2951 2997    3 2 2 3 3 3 3 3 3 3 5 5 5 5 5 5 5 5 5 5 5 5 5 5 5 5 5 5 5 5 5 5 5 5 5 5 5 5 5 5 5 5 5 5 3 3 3
311 2950 2997 3 3 3 2 2 3 3 3 3 3 3 5 5 5 5 5 5 5 5 5 5 5 5 5 5 5 5 5 5 5 5 5 5 5 5 5 5 5 5 5 5 5 5 3 3 3 3 3
312 2950 2998 3 3 3 2 2 3 3 3 3 3 3 5 5 5 5 5 5 5 5 5 5 5 5 5 5 5 5 5 5 5 5 5 5 5 5 5 5 5 5 5 5 5 3 3 3 3 3 3 3
313 2950 2998 3 3 3 3 2 2 3 3 3 3 3 5 5 5 5 5 5 5 5 5 5 5 5 5 5 5 5 5 5 5 1 1 1 1 1 1 1 1 1 1 1 1 1 1 1 1 1 1 1
314 2950 2999 3 3 3 3 3 2 2 3 3 3 3 5 5 5 5 5 5 5 5 5 5 5 5 5 5 5 5 5 5 1 1 1 1 1 1 1 1 1 1 1 1 1 1 1 1 1 1 1 1 1
315 2950 2999 3 3 3 3 3 3 2 2 3 3 3 5 5 5 5 5 5 5 5 5 5 5 5 5 5 5 5 5 1 1 1 1 1 1 1 1 1 1 1 1 1 1 3 3 3 3 3 3 3 3
316 2950 2999 3 3 3 3 3 3 3 2 2 3 3 5 5 5 5 5 5 5 5 5 5 5 5 5 5 5 5 1 1 1 1 1 1 1 1 1 1 1 1 1 1 3 3 3 3 3 3 3 3 3
317 2950 2998 3 3 3 3 3 3 3 3 2 2 3 5 5 5 5 5 5 5 5 5 5 5 5 5 5 1 1 1 1 1 4 4 4 4 4 1 1 1 1 1 1 3 3 3 3 3 3 3 3
318 2950 2997 3 3 3 3 3 3 3 3 3 2 2 5 5 5 5 5 5 5 5 5 5 5 5 5 1 1 1 1 1 1 4 6 6 6 4 1 1 1 1 3 3 3 5 5 5 5 5 5
319 2950 2997 3 3 3 3 3 3 3 3 3 3 2 2 5 5 5 5 5 5 5 5 5 5 1 1 1 1 1 1 1 1 4 6 7 6 4 1 1 1 1 5 5 5 5 5 5 5 5 5
320 2950 2997 3 3 3 3 3 3 3 3 3 3 3 2 2 5 5 5 5 5 5 5 5 3 1 1 1 1 1 1 1 1 4 6 6 6 4 1 1 1 3 3 5 5 5 5 5 5 5 5
321 2950 2997 3 3 3 3 3 3 3 3 3 3 3 3 2 2 5 5 5 5 5 5 5 3 1 1 1 1 1 1 1 1 4 4 4 4 4 1 1 1 3 5 5 5 5 5 5 5 5 5
322 2964 2989                                         5 5 5 5 5 5 1 1 1 1 1 1 1 1 1 1 1 1 1 1 1 1 3 5 5 5
323 2965 2988                                            5 5 5 5 5 1 1 1 1 1 1 1 1 1 1 1 1 1 1 1 1 5 5 5
324 2966 2986                                               5 5 5 5 1 1 1 1 1 1 1 1 1 1 1 1 1 1 1 5 5
325 2967 2984                                                  5 1 1 1 1 1 1 1 1 1 1 1 1 1 1 1 1 5
326 2968 2982                                                     1 1 1 1 1 1 1 1 1 1 1 1 1 1 1
327 2969 2980                                                        2 2 2 2 2 2 2 2 2 2 2 2
328 2970 2978                                                           2 2 2 2 2 2 2 2 2
329 2971 2976                                                              1 1 1 1 1 1
330 2972 2974                                                                 1 1 1
331 2973 2973                                                                    1
