#第一行名字内容，以后每行为高度 起始宽度 终止宽度 地域类型
1020109 汾阳 太原 山西 大型县城 6
249 2856 2875                                                5 5 5 1 1 1 1 1 1 1 1 1 1 1 1 1 1 1 1 1
250 2855 2875                                             5 5 5 5 1 1 1 1 1 1 1 1 1 1 1 1 1 1 1 1 1
251 2854 2876                                          5 5 5 5 1 1 1 1 1 1 1 1 1 1 1 1 1 1 1 1 1 1 2
252 2853 2877                                       5 5 5 5 5 1 1 1 1 1 1 1 1 1 1 1 1 1 1 1 1 1 2 2 2
253 2852 2878                                    5 5 5 5 5 5 1 1 1 1 1 1 1 1 1 1 1 1 1 1 1 1 2 2 2 1 1
254 2851 2879                                 5 5 5 5 5 5 1 1 1 1 1 1 1 1 1 1 1 1 1 1 1 1 1 2 2 2 1 1
255 2849 2880                           5 5 5 5 5 5 5 1 1 1 1 1 1 1 1 1 1 1 1 1 1 1 1 1 1 2 2 2 1 1 1
256 2845 2881               5 5 5 5 5 5 5 5 5 5 5 1 1 1 1 1 1 1 1 1 1 1 1 1 1 1 1 1 2 2 2 1 1 1 1
257 2845 2882               5 5 5 5 5 5 5 5 5 5 1 1 1 1 1 1 1 1 1 1 1 1 1 1 1 1 1 1 2 2 2 1 1 1 1 1 1 1
258 2844 2883            5 5 5 5 5 5 5 5 5 5 1 1 1 1 4 4 4 4 4 1 1 1 1 1 1 1 1 1 1 2 2 2 1 1 1 1 1 1 1 1
259 2844 2882            5 5 5 5 5 5 5 5 5 5 1 1 1 1 4 6 6 6 4 1 1 1 1 1 1 1 1 2 2 2 2 1 1 1 1 1 1 1 1
260 2845 2881               5 5 5 5 5 5 5 5 1 1 1 1 1 4 6 7 6 4 1 1 1 1 1 1 1 2 2 2 2 2 1 1 1 1 1 1 1
261 2846 2880                  5 5 5 5 5 5 5 1 1 1 1 1 4 6 6 6 4 1 1 1 1 1 1 2 2 2 2 2 1 1 1 1 1 1 1
262 2848 2879                        5 5 5 5 1 1 1 1 1 1 4 4 4 4 4 1 1 1 1 1 2 2 2 1 1 1 1 1 1 1 1 1
263 2850 2879                              5 5 1 1 1 1 1 1 1 1 1 1 1 1 1 1 1 2 2 2 1 1 1 1 1 1 1 1 1 1
264 2852 2878                                    1 1 1 1 1 1 1 1 1 1 1 1 1 1 2 2 2 1 1 1 1 1 1 1 1 1 1
265 2854 2878                                          1 1 1 1 1 1 1 1 1 1 1 1 2 2 2 1 1 1 1 1 1 1 1 1 1
266 2856 2878                                                1 1 1 1 1 1 1 1 1 1 2 2 2 1 1 1 1 1 1 1 1 1 1
267 2858 2877                                                      1 1 1 1 1 1 1 1 2 2 2 1 1 1 1 1 1 1 1 1
268 2860 2877                                                            1 1 1 1 1 2 2 2 1 1 1 1 1 1 1 1 1 1
269 2864 2876                                                                        1 2 2 2 1 1 1 1 1 1 1 1 1
270 2868 2876                                                                                    1 1 1 1 1 1 1 1 1
271 2871 2876                                                                                             1 1 1 1 1 1
272 2873 2875                                                                                                   1 1 1
