#第一行名字内容，以后每行为高度 起始宽度 终止宽度 地域类型
1020914 乡宁 临汾 山西 中型县城 5
352 2832 2837                                                                                                       3 3 3 3 3 3
353 2828 2839                                                                                           3 3 3 3 3 3 3 3 3 3 3 3
354 2825 2840                                                                                  3 3 3 3 3 3 3 3 3 3 3 3 3 3 3 3
355 2822 2841                                                                         3 3 3 3 3 3 3 3 3 3 3 3 3 3 3 3 3 3 3 3
356 2819 2842                                                                3 3 3 3 3 3 3 3 3 3 3 3 3 3 3 3 3 3 3 3 3 3 3 3
357 2818 2840                                                             3 3 3 3 3 3 3 3 3 3 3 3 3 3 3 3 3 3 3 3 3 3 3
358 2815 2839                                                    3 3 3 3 3 3 3 3 3 3 3 3 3 3 3 3 3 3 3 3 3 3 3 3 3
359 2812 2839                                           3 3 3 3 3 3 3 3 3 3 3 3 3 3 3 3 3 3 3 3 3 3 3 3 3 3 3 3
360 2810 2839                                     3 3 3 3 3 3 3 3 3 3 3 3 3 3 3 3 3 3 3 3 3 3 3 3 3 3 3 3 3 3
361 2808 2839                               3 3 3 3 3 3 3 3 3 3 3 3 3 3 3 3 3 3 3 3 3 3 3 3 3 3 3 3 3 3 3 3
362 2806 2839                         3 3 3 3 3 3 3 3 3 3 3 3 3 3 3 3 3 3 3 3 3 3 3 3 3 3 3 3 3 3 3 3 3 3
363 2804 2839                   2 1 3 3 3 3 3 3 3 3 3 3 3 3 3 3 3 3 3 3 3 3 3 3 3 3 3 3 3 3 3 3 3 3 3 3
364 2802 2839             2 2 2 1 1 3 3 3 3 3 3 3 3 3 3 3 3 3 3 3 3 3 3 3 3 3 3 3 3 3 3 3 3 3 3 3 3 3
365 2800 2839       2 2 2 2 2 1 3 3 3 3 3 3 3 3 3 3 3 3 3 3 3 3 3 3 3 3 3 3 3 3 3 3 3 3 3 3 3 3 3 3
366 2800 2839       2 2 2 2 2 1 1 3 3 3 3 3 3 3 3 3 3 3 3 3 3 3 3 3 3 3 3 3 3 3 3 3 3 3 3 3 3 3 3 3
367 2800 2839       2 2 2 2 2 1 1 3 3 3 3 3 3 3 3 3 3 3 3 3 3 3 3 3 3 3 3 3 3 3 3 3 3 3 3 3 3 3 3 3
368 2800 2839       2 2 2 2 2 1 1 3 3 3 3 3 3 3 3 3 3 3 3 3 3 3 3 3 3 3 3 3 3 3 3 3 3 3 3 3 3 3 3 3
369 2800 2839       2 2 2 2 2 3 1 3 3 3 3 3 3 3 3 3 3 3 3 3 3 3 3 3 3 3 3 3 3 3 3 3 3 3 3 3 3 3 3 3
370 2800 2839       2 2 2 2 2 1 1 3 3 3 3 3 3 3 3 1 1 1 1 1 1 1 1 1 1 1 1 3 3 3 3 3 3 3 3 3 3 3 3 3
371 2800 2839       2 2 2 2 2 1 1 3 3 3 3 3 3 3 1 1 1 1 1 1 1 1 1 1 1 1 1 1 3 3 3 3 3 3 3 3 3 3 3 3
372 2800 2839       2 2 2 2 2 1 3 3 3 3 3 3 3 1 1 1 1 1 1 4 4 4 4 4 1 1 1 1 1 3 3 3 3 3 3 3 3 3 3 3
373 2800 2838       2 2 2 2 2 1 1 3 3 3 3 3 3 1 1 1 1 1 1 4 6 6 6 4 1 1 1 1 3 3 3 3 3 3 3 3 3 3 3
374 2800 2838       2 2 2 2 2 1 1 3 3 3 3 3 1 1 1 1 1 1 1 4 6 7 6 4 1 1 1 1 1 3 3 3 3 3 3 3 3 3 3
375 2801 2837          2 2 2 2 2 1 3 3 1 1 1 1 1 1 1 1 1 1 4 6 6 6 4 1 1 1 1 1 3 3 3 3 3 3 3 3 3
376 2801 2837          2 2 2 2 2 1 1 3 1 1 1 1 1 1 1 1 1 1 4 4 4 4 4 1 1 1 1 1 3 3 3 3 3 3 3 3 3
377 2801 2836          2 2 2 2 2 1 3 3 1 1 1 1 1 1 1 1 1 1 1 1 1 1 1 1 1 1 1 3 3 3 3 3 3 3 3 3
378 2801 2836          2 2 2 2 2 1 3 1 1 1 1 1 1 1 1 1 1 1 1 1 1 1 1 1 1 1 1 3 3 3 3 3 3 3 3 3
379 2801 2835          2 2 2 2 2 1 1 1 1 1 1 3 3 3 3 3 3 3 3 3 3 3 3 3 3 3 1 1 3 3 3 3 3 3 3
380 2801 2835          2 2 2 2 2 1 1 1 1 3 3 3 3 3 3 3 3 3 3 3 3 3 3 3 3 3 3 3 3 3 3 3 3 3 3
381 2801 2818          2 2 2 2 2 3 3 3 3 3 3 3 3 3 3 3 3 3
381 2820 2834                                                                   3 3 3 3 3 3 3 3 3 3 3 3 3 3 3
382 2801 2817          2 2 2 2 2 3 3 3 3 3 3 3 3 3 3 3 3
382 2821 2833                                                                      3 3 3 3 3 3 3 3 3 3 3 3 3 
383 2801 2816          2 2 2 2 2 3 3 3 3 3 3 3 3 3 3 3
383 2822 2832                                                                         3 3 3 3 3 3 3 3 3 3 3
384 2801 2815          2 2 2 2 2 3 3 3 3 3 3 3 3 3 3
384 2823 2831                                                                            3 3 3 3 3 3 3 3 3 
385 2801 2805          2 2 2 2 2
385 2810 2814                                     3 3 3 3 3
385 2824 2830                                                                               3 3 3 3 3 3 3
386 2801 2804          2 2 2 2
386 2811 2813                                        3 3 3
386 2825 2829                                                                                  3 3 3 3 3
387 2801 2803          2 2 2
387 2812 2812                                           3
387 2826 2828                                                                                     3 3 3
388 2801 2802          2 2
388 2827 2827                                                                                        3
