#第一行名字内容，以后每行为高度 起始宽度 终止宽度 地域类型
1020112 祁县 太原 山西 中型县城 5
247 2889 2903                            1 1 1 1 1 1 1 1 1 1 1 1 1 1 1
248 2889 2905                            1 1 1 1 1 1 1 1 1 1 1 1 1 1 1 1 1
249 2888 2904                         1 1 1 1 1 1 1 1 1 1 1 1 1 1 1 1 1
250 2888 2904                         1 1 1 1 1 1 1 1 1 1 1 1 1 1 1 1 1
251 2887 2905                      1 1 1 1 1 1 1 1 1 1 1 1 1 1 1 1 1 1 1
252 2886 2905                   1 1 1 1 1 1 1 1 1 1 1 1 1 1 1 1 1 1 1 1
253 2885 2907                1 1 1 1 1 1 1 1 1 1 1 1 1 1 1 1 1 1 1 1 1 1 1
254 2885 2909                1 1 1 1 1 1 1 1 1 1 1 1 1 1 1 1 1 1 1 1 1 1 1 1 1
255 2886 2910                   1 1 1 1 1 1 1 1 1 1 1 1 1 1 1 1 1 1 1 1 1 1 1 1 1
256 2887 2910                      1 1 1 1 1 1 1 1 1 1 1 1 1 1 1 1 1 1 1 1 1 1 1 1
257 2888 2910                         1 1 1 1 1 1 1 1 1 1 1 1 4 4 4 4 4 1 1 1 1 1 3
258 2889 2910                            1 1 1 1 1 1 1 1 1 1 1 4 6 6 6 4 1 1 1 1 3 3
259 2890 2910                               1 1 1 1 1 1 1 1 1 1 4 6 7 6 4 1 1 1 3 3 3
260 2891 2910                                  1 1 1 1 1 1 1 1 1 4 6 6 6 4 1 1 1 3 3 3
261 2892 2910                                     1 1 1 1 1 1 1 1 4 4 4 4 4 1 1 1 3 3 3
262 2893 2911                                        1 1 1 1 1 1 1 1 1 1 1 1 1 3 3 3 3 3 3
263 2894 2911                                           1 1 1 1 1 1 1 1 1 1 1 1 3 3 3 3 3 3
264 2895 2911                                              1 1 1 1 1 1 1 1 1 1 3 3 3 3 3 3 3
265 2896 2911                                                 1 1 1 1 1 1 1 3 3 3 3 3 3 3 3 3
266 2897 2911                                                    1 1 1 1 1 3 3 3 3 3 3 5 5 5 5
267 2898 2911                                                       1 1 1 3 3 3 3 3 3 5 5 5 5 5
268 2899 2911                                                          1 3 3 3 3 3 3 5 5 5 5 5 5
269 2900 2912                                                             3 3 3 3 3 5 5 5 5 5 5 5 5
270 2901 2912                                                                3 3 3 5 5 5 5 5 5 5 5 5
271 2902 2912                                                                   3 5 5 5 5 5 5 5 5 5 5
272 2903 2912                                                                      5 5 5 5 5 5 5 5 5 5
273 2904 2912                                                                         5 5 5 5 5 5 5 5 5
274 2905 2912                                                                            5 5 5 5 5 5 5 5
