#第一行名字内容，以后每行为高度 起始宽度 终止宽度 地域类型
1020303 盂县 阳泉 山西 小型县城 4
169 2964 2996                                                                                                       3 3 3 3 3 3 3 3 3 3 3 2 2 5 5 5 5 5 5 5 5 5 5 5 5 5 5 5 5 5 5 5 5               
170 2963 2996                                                                                                    3 3 3 3 3 3 3 3 3 3 3 3 2 2 5 5 5 5 5 5 5 5 5 5 5 5 5 5 5 5 5 5 5 5
171 2962 2996                                                                                                 3 3 3 3 3 3 3 3 3 3 3 3 5 2 2 5 5 5 5 5 5 5 5 5 5 5 5 5 5 5 5 5 5 5 5
172 2959 2996                                                                                        3 3 3 3 3 3 3 3 3 3 3 3 3 5 5 5 5 2 2 5 5 5 5 5 5 5 5 5 5 5 5 5 5 5 5 5 5 5
173 2956 2996                                                                               3 3 3 3 3 3 3 3 3 3 3 3 3 3 5 5 5 5 5 5 2 2 5 5 5 5 5 5 5 5 5 5 5 5 5 5 5 5 5 5 5
174 2953 2996                                                                      3 3 3 3 3 3 3 3 3 3 3 3 3 3 3 5 5 5 5 5 5 5 5 2 2 5 5 5 5 5 5 5 5 5 5 5 5 5 5 5 5 5 5 5
175 2951 2996                                                                3 3 3 3 3 3 3 3 3 3 3 3 3 3 5 5 5 5 5 5 5 5 5 5 5 2 2 5 5 5 5 5 5 5 5 5 5 5 5 5 5 5 5 5 5 5
176 2951 2996                                                                3 3 3 3 3 3 3 3 3 3 3 5 5 5 5 5 5 5 5 5 5 5 5 5 5 2 2 5 5 5 5 5 5 5 5 5 5 5 5 5 5 5 5 5 5 5
177 2950 2996                                                             3 3 3 3 3 3 3 3 3 3 5 5 5 5 5 5 5 5 5 5 5 5 5 5 5 5 5 2 2 5 5 5 5 5 5 5 5 5 5 5 5 5 5 5 5 5 5
178 2950 2996                                                             3 3 3 3 3 3 5 3 5 5 5 5 5 5 5 5 5 5 5 5 5 5 5 5 5 5 5 2 2 5 5 5 5 5 5 5 5 5 5 5 5 5 5 5 5 5 5
179 2949 2996                                                          3 3 3 3 3 5 5 5 5 5 5 5 5 5 5 5 5 5 5 5 5 5 5 5 5 5 5 5 2 2 2 2 2 5 5 5 5 5 5 5 5 5 5 5 5 5 5 5
180 2949 2996                                                          3 5 5 5 5 5 5 5 5 5 5 5 5 5 5 5 5 5 5 5 5 5 5 5 5 5 5 5 2 2 2 2 2 2 2 2 2 2 2 5 5 5 5 5 5 5 5 5
181 2949 2996                                                          5 5 5 5 5 5 5 5 5 5 5 5 5 5 5 5 5 5 5 5 5 5 5 5 5 5 5 5 5 5 5 5 5 2 2 2 2 2 2 2 2 2 2 2 2 2 2 2
182 2948 2995                                                       5 5 5 5 5 5 5 5 5 5 5 5 5 5 5 5 5 5 5 5 5 5 5 5 5 5 5 5 5 5 5 5 5 5 5 5 5 5 5 5 2 2 2 2 2 2 2 2
183 2947 2994                                                    5 5 5 5 5 5 5 5 5 5 5 5 5 5 5 5 5 5 5 5 5 5 5 5 5 5 5 5 5 5 5 5 5 5 5 5 5 5 5 5 5 5 5 5 5 5 5 5
184 2945 2994                                              5 5 5 5 5 5 5 5 5 5 5 5 5 5 5 5 5 5 5 5 5 5 5 5 5 5 5 5 5 5 5 5 5 5 5 5 5 5 5 5 5 5 5 5 5 5 5 5 5 5
185 2945 2994                                              5 5 5 5 5 5 5 5 5 5 5 5 5 5 5 5 5 5 5 5 5 5 5 5 5 5 5 5 5 5 5 5 5 5 5 5 5 5 5 5 5 5 5 5 5 5 5 5 5 5
186 2944 2995                                           5 5 5 5 5 5 5 5 5 5 5 5 5 5 5 5 5 5 5 5 5 5 5 5 5 5 5 5 5 5 5 5 5 5 5 5 5 5 5 5 5 5 5 5 5 5 5 5 5 5 5 5
187 2943 2995                                        5 5 5 5 5 5 5 5 5 5 5 5 5 5 5 5 5 5 5 5 5 5 5 5 5 5 5 5 5 5 5 5 5 5 5 5 5 5 5 5 5 5 5 5 5 5 5 5 5 5 5 5 5
188 2941 2995                                  5 5 5 5 5 5 5 5 5 5 5 5 5 5 5 5 5 5 5 5 5 5 5 5 5 5 5 5 5 5 5 5 5 5 5 5 5 5 5 5 5 5 5 5 5 5 5 5 5 5 5 5 5 5 5
189 2939 2996                            5 5 5 5 5 5 5 5 5 5 5 5 5 5 5 5 5 5 5 5 5 5 5 5 5 5 5 5 5 5 5 5 5 5 5 5 5 5 5 5 5 5 5 5 5 5 5 5 5 5 5 5 5 5 5 5 5 5
190 2937 2996                      5 5 5 5 5 5 5 5 5 5 5 5 5 5 5 5 3 5 3 5 3 3 5 3 3 5 3 3 3 5 3 5 3 5 3 5 3 5 3 5 3 3 5 5 3 5 5 3 3 5 5 5 5 5 5 5 5 5 5 5
191 2935 2996                5 5 5 5 5 5 5 5 5 5 5 5 5 5 5 5 5 5 3 3 3 3 3 3 3 3 3 3 3 3 3 3 3 3 3 3 3 3 3 3 3 3 3 3 3 3 3 3 3 3 3 3 5 5 5 5 5 5 5 5 5 5
192 2933 2997          5 5 5 5 5 5 5 5 5 5 5 5 5 5 5 5 5 3 3 3 3 3 3 3 3 3 3 3 3 3 3 3 3 3 3 3 3 3 3 3 3 3 3 3 3 3 3 3 3 3 3 3 3 3 5 5 5 5 5 5 5 5 5 5 5
193 2933 2997          5 5 5 5 5 5 5 5 5 5 5 5 5 5 3 3 3 3 3 3 3 3 3 3 3 3 3 3 3 3 3 3 3 3 3 3 3 3 3 3 3 3 3 3 3 3 3 3 3 3 3 3 3 3 5 5 5 5 5 5 5 5 5 5 5
194 2933 2997          5 5 5 5 5 5 5 5 5 5 5 5 5 3 3 3 3 3 3 3 3 3 3 3 3 3 3 3 3 3 3 3 3 3 3 3 3 3 3 3 3 3 3 3 3 3 3 3 3 3 3 3 3 3 3 5 5 5 5 5 5 5 5 5 5
195 2933 2998          5 5 5 5 5 5 5 5 3 5 3 3 3 3 3 3 3 3 3 3 3 3 3 3 3 3 3 3 3 3 3 3 3 3 3 3 3 3 3 3 3 3 3 3 3 3 3 3 3 3 3 3 3 3 3 5 5 5 5 5 5 5 5 5 5 5
196 2933 2998          5 5 5 5 5 5 5 3 3 3 3 3 3 3 3 3 3 3 3 3 3 3 3 3 3 3 1 1 3 3 3 3 3 1 1 3 3 3 3 3 1 1 3 3 3 3 3 3 3 3 3 3 3 3 3 5 5 5 5 5 5 5 5 5 5 5
197 2933 2999          5 5 5 5 5 5 3 3 3 3 3 3 3 3 3 3 3 3 3 3 3 3 3 3 1 1 1 1 1 1 1 1 1 1 1 1 1 1 1 1 1 1 1 3 3 3 3 3 3 3 3 3 3 3 3 5 5 5 5 5 5 5 5 5 5 5 5
198 2933 2999          5 5 5 3 3 3 3 3 3 3 3 3 3 3 3 3 3 3 3 3 3 3 3 1 1 1 1 1 1 1 1 1 1 1 1 1 1 1 1 1 1 1 1 3 3 3 3 3 3 3 3 3 3 3 3 3 5 5 5 5 5 5 5 5 5 5 5
199 2934 3000             5 3 3 3 3 3 3 3 3 3 3 3 3 3 3 3 3 3 3 3 3 3 1 1 1 1 1 1 1 1 1 1 1 1 1 1 1 1 1 1 3 3 3 3 3 3 3 3 3 3 3 3 3 3 3 5 5 5 5 5 5 5 5 5 5 5 5
200 2934 3000             3 3 3 3 3 3 3 3 3 3 3 3 3 3 3 3 3 3 3 3 3 3 1 1 1 1 1 1 1 1 1 1 1 1 1 1 1 1 1 1 3 3 3 3 3 3 3 3 3 3 3 3 3 3 3 5 5 5 5 5 5 5 5 5 5 5 5
201 2935 3001                3 3 3 3 3 3 3 3 3 3 3 3 3 3 3 3 3 3 3 3 1 1 1 1 1 1 1 1 1 4 4 4 4 4 1 1 1 1 1 3 3 3 3 3 3 3 3 3 3 3 3 3 3 3 3 5 5 5 5 5 5 5 5 5 5 5 5
202 2935 3001                3 3 3 3 3 3 3 3 3 3 3 3 3 3 3 3 3 3 3 3 3 1 1 1 1 1 1 1 1 4 6 6 6 4 1 1 1 1 1 1 3 3 3 3 3 3 3 3 3 3 3 3 3 3 3 5 5 5 5 5 5 5 5 5 5 5 5
203 2936 3002                   3 3 3 3 3 3 3 3 3 3 3 3 3 3 3 3 3 3 3 3 1 1 1 1 1 1 1 1 4 6 7 6 4 1 1 1 1 1 1 3 3 3 3 3 3 3 3 3 3 3 3 3 3 3 3 5 5 5 5 5 5 5 5 5 5 5 5
204 2936 3002                   3 3 3 3 3 3 3 3 3 3 3 3 3 3 3 3 3 3 1 1 1 1 1 1 1 1 1 1 4 6 6 6 4 1 1 1 1 1 3 3 3 3 3 3 3 3 3 3 3 3 3 3 3 3 3 5 5 5 5 5 5 5 5 5 5 5 5
205 2956 3003                                                                            1 1 1 1 1 1 1 1 4 4 4 4 4 1 1 1 1 1 1 3 3 3 3 3 3 3 3 3 3 3 3 3 3 3 5 5 5 5 5 5 5 5 5 5 5 5 5 5
206 2956 3003                                                                            1 1 1 1 1 1 1 1 1 1 1 1 1 1 1 1 1 1 1 3 3 3 3 3 3 3 3 3 3 3 3 3 3 3 5 5 5 5 5 5 5 5 5 5 5 5 5 5
207 2956 3004                                                                            1 1 1 1 1 1 1 1 3 3 3 3 3 3 3 3 3 3 3 3 3 3 3 3 3 3 3 3 3 3 3 3 3 3 5 5 5 5 5 5 5 5 5 5 5 5 5 5 5
208 2956 3004                                                                            1 1 1 1 1 3 3 3 3 3 3 3 3 3 3 3 3 3 3 3 3 3 3 3 3 3 3 3 3 3 3 3 5 5 5 5 5 5 5 5 5 5 5 5 5 5 5 5 5
209 2956 3004                                                                            3 1 1 1 1 3 3 3 3 3 3 3 3 3 3 3 3 3 3 3 3 3 3 3 3 3 3 3 3 5 5 5 5 5 5 5 5 5 5 5 5 5 5 5 5 5 5 5 5
210 2956 3004                                                                            3 1 1 3 3 3 3 3 3 3 3 3 3 3 3 3 3 3 3 3 3 3 3 3 3 5 5 5 5 5 5 5 5 5 5 5 5 5 5 5 5 5 5 5 5 5 5 5 5
211 2959 2993                                                                                    3 3 3 3 3 3 3 3 3 3 3 3 3 3 3 3 3 3 3 5 5 5 5 5 5 5 5 5 5 5 5 5 5 5 5
212 2959 2987                                                                                    3 3 3 3 3 3 3 3 3 3 3 3 3 3 3 3 5 5 5 5 5 5 5 5 5 5 5 5 5
213 2959 2984                                                                                    3 3 3 3 3 3 3 3 3 3 3 3 3 5 5 5 5 5 5 5 5 5 5 5 5 5
214 2962 2981                                                                                             3 3 3 3 3 3 3 3 5 5 5 5 5 5 5 5 5 5 5 5
215 2962 2978                                                                                             3 3 3 3 3 3 5 5 5 5 5 5 5 5 5 5 5
216 2962 2975                                                                                             3 3 3 3 3 3 5 5 5 5 5 5 5 5
217 2962 2970                                                                                             3 3 3 3 3 3 5 5 5
218 2962 2967                                                                                             3 3 3 3 3 3
