#第一行名字内容，以后每行为高度 起始宽度 终止宽度 地域类型
1020708 繁峙 朔州 山西 小型县城 3
110 2981 2984                                                                                                                        5 5 2 2
111 2981 2988                                                                                                                        5 5 2 2 5 5 5 5
112 2979 2992                                                                                                               5 5 5 5 2 2 5 5 5 5 5 5 5 5 5
113 2977 2996                                                                                                         5 5 5 5 5 2 2 5 5 5 5 5 5 5 5 5 5 5 5 5 5
114 2975 3000                                                                                                   5 5 5 5 5 5 5 2 2 5 5 5 5 5 5 5 5 5 5 5 5 5 5 5 5 5 5
115 2973 3005                                                                                             5 5 5 5 5 5 5 5 5 2 2 5 5 5 5 5 5 5 5 5 5 5 5 5 5 5 5 5 5 5 5 5 5 5
116 2971 3005                                                                                       5 5 5 5 5 5 5 5 5 5 2 2 5 5 5 5 5 5 5 5 5 5 5 5 5 5 5 5 5 5 5 5 5 5 5 5
117 2947 3005               5 5 5 5 5 5 5 5 5 5 5 5 5 5 5 5 5 5 5 5 5 5 5 5 5 5 5 5 5 5 1 1 5 1 2 2 5 5 5 1 5 1 5 1 1 5 1 5 1 5 1 1 5 1 1 5 1 5 5 5
118 2947 3005               5 5 5 5 5 5 5 5 5 1 1 1 1 1 1 1 1 1 1 1 1 1 1 1 1 1 1 1 1 1 1 1 1 1 2 2 1 1 1 1 1 4 4 4 4 4 1 1 1 1 1 1 1 1 1 1 1 1 1 1
119 2948 3005                  5 5 5 5 5 1 1 1 1 1 1 1 1 1 1 1 1 1 1 1 1 1 1 1 1 1 1 1 1 1 1 1 2 2 1 1 1 1 1 1 4 6 6 6 4 1 1 1 1 1 1 1 1 1 1 1 1 1 1
120 2948 3005                  5 5 5 1 1 1 1 1 1 1 1 1 1 1 1 1 1 1 1 1 1 1 1 1 1 1 1 1 1 1 1 1 2 2 1 1 1 1 1 1 4 6 7 6 4 1 1 1 1 1 1 1 1 1 1 1 1 1 1
121 2949 3005                     1 1 1 1 1 1 1 1 1 1 1 1 1 1 1 1 1 1 1 1 1 1 1 1 1 1 1 1 1 1 1 2 2 1 1 1 1 1 1 4 6 6 6 4 1 1 1 1 1 1 1 1 1 1 5 5 5 5
122 2950 3006                        1 1 1 1 1 1 1 1 1 1 1 1 1 1 1 1 1 1 1 1 1 1 1 1 1 1 1 1 1 2 2 1 1 1 1 1 1 1 4 4 4 4 4 1 1 1 1 1 1 1 1 1 1 1 5 5 5 5
123 2951 3006                           1 1 1 1 1 1 1 1 1 1 1 1 1 1 1 1 1 1 1 1 1 1 1 1 1 1 1 1 2 2 1 1 1 1 1 1 1 1 1 1 1 1 1 1 1 1 1 1 1 1 1 1 5 5 5 5 5
124 2952 3007                              1 1 1 1 1 1 1 1 1 1 1 1 1 1 1 1 1 1 1 2 2 2 2 2 2 2 2 2 2 2 1 1 1 1 1 1 1 1 1 1 1 1 1 1 1 1 1 1 1 1 5 5 5 5 5 5 5
125 2953 3007                                 1 1 1 1 1 1 1 2 2 2 2 2 2 2 2 2 2 2 2 2 2 2 2 2 2 2 2 2 2 2 2 2 2 1 1 1 1 1 1 1 1 1 1 1 1 1 1 1 1 5 5 5 5 5 5 5
126 2953 3007                                 1 2 2 2 2 2 2 2 2 2 2 2 2 2 2 2 2 2 1 1 1 1 1 1 1 1 2 2 2 2 2 2 2 2 2 2 2 1 1 1 1 1 1 1 1 1 1 1 1 5 5 5 5 5 5 5
127 2954 3007                                    2 2 2 2 2 2 1 1 1 1 1 1 1 1 1 1 1 1 1 1 1 1 1 1 1 1 1 1 1 1 1 1 2 2 2 2 2 2 2 1 1 1 1 5 5 5 5 5 5 5 5 5 5 5 5
128 2954 3007                                    1 1 1 1 1 1 1 1 1 1 1 1 1 1 1 1 1 1 1 1 1 1 1 1 1 1 1 1 1 1 1 1 1 1 1 1 1 1 1 1 1 5 5 5 5 5 5 5 5 5 5 5 5 5 5
129 2955 3007                                       1 1 1 1 1 1 1 1 1 1 1 1 1 1 1 1 1 1 1 1 1 1 1 1 1 1 1 1 1 1 1 1 1 1 1 1 5 5 5 5 5 5 5 5 5 5 5 5 5 5 5 5 5 5
130 2955 3007                                       1 1 1 1 1 1 1 1 1 1 1 1 1 1 1 1 1 1 1 1 1 1 1 1 1 1 5 5 5 5 5 5 5 5 5 5 5 5 5 5 5 5 5 5 5 5 5 5 5 5 5 5 5 5
131 2956 3007                                          1 1 1 1 1 1 1 1 1 1 1 1 1 5 5 5 5 5 5 5 5 5 5 5 5 5 5 5 5 5 5 5 5 5 5 5 5 5 5 5 5 5 5 5 5 5 5 5 5 5 5 5 5
132 2957 3007                                             1 1 1 1 1 1 1 5 5 5 5 5 5 5 5 5 5 5 5 5 5 5 5 5 5 5 5 5 5 5 5 5 5 5 5 5 5 5 5 5 5 5 5 5 5 5 5 5 5 5 5 5
133 2958 3009                                                5 5 5 5 5 5 5 5 5 5 5 5 5 5 5 5 5 5 5 5 5 5 5 5 5 5 5 5 5 5 5 5 5 5 5 5 5 5 5 5 5 5 5 5 5 5 5 5 5 5 5 5 5
134 2958 3012                                                5 5 5 5 5 5 5 5 5 5 5 5 5 5 5 5 5 5 5 5 5 5 5 5 5 5 5 5 5 5 5 5 5 5 5 5 5 5 5 5 5 5 5 5 5 5 5 5 5 5 5 5 5 5 5 5
135 2959 2978                                                5 5 5 5 5 5 5 5 5 5 5 5 5 5 5 5 5 5 5 5
135 2980 3014                                                                                                                     5 5 5 5 5 5 5 5 5 5 5 5 5 5 5 5 5 5 5 5 5 5 5 5 5 5 5 5 5 5 5 5 5 5 5
136 2959 2975                                                5 5 5 5 5 5 5 5 5 5 5 5 5 5 5 5 5
136 2982 3012                                                                                                                           5 5 5 5 5 5 5 5 5 5 5 5 5 5 5 5 5 5 5 5 5 5 5 5 5 5 5 5 5 5 5
137 2960 2971                                                   5 5 5 5 5 5 5 5 5 5 5 5
137 2984 3010                                                                                                                                 5 5 5 5 5 5 5 5 5 5 5 5 5 5 5 5 5 5 5 5 5 5 5 5 5 5 5
138 2960 2968                                                   5 5 5 5 5 5 5 5 5
138 2986 3008                                                                                                                                       5 5 5 5 5 5 5 5 5 5 5 5 5 5 5 5 5 5 5 5 5 5 5
139 2961 2966                                                      5 5 5 5 5 5
139 2988 3006                                                                                                                                             5 5 5 5 5 5 5 5 5 5 5 5 5 5 5 5 5 5 5
140 2962 2964                                                         5 5 5
140 2990 3005                                                                                                                                                5 5 5 5 5 5 5 5 5 5 5 5 5 5 5 5
141 2962 2963                                                         5 5 
141 2992 3003                                                                                                                                                         5 5 5 5 5 5 5 5 5 5 5
