#第一行名字内容，以后每行为高度 起始宽度 终止宽度 地域类型
1020307 榆社 阳泉 山西 小型县城 4
248 2932 2935                                                                               3 3 3 3
249 2931 2935                                                                            3 3 3 3 3
250 2930 2936                                                                         3 3 3 3 3 3 3
251 2929 2936                                                                      3 3 5 5 5 3 3 3
252 2928 2936                                                                   3 3 5 5 5 5 3 3 3
253 2927 2937                                                                3 3 5 5 5 5 5 3 3 3 3
254 2926 2937                                                             3 3 5 5 5 5 5 5 5 3 3 3
255 2925 2937                                                          3 3 5 5 5 5 5 5 5 5 3 3 3
256 2924 2938                                                       3 3 5 5 5 5 5 5 5 5 5 5 3 3 3
257 2923 2938                                                    3 5 5 5 5 5 5 5 5 5 5 5 3 3 3 3
258 2922 2938                                                 3 3 5 5 5 5 5 5 5 5 5 5 5 3 3 3 3
259 2921 2939                                              3 3 5 5 5 5 5 5 5 5 5 5 5 5 3 3 3 3 3
260 2920 2939                                           3 3 5 5 5 5 5 5 5 5 5 5 5 5 3 3 3 3 3 3
261 2919 2939                                        3 3 5 5 5 5 5 5 5 5 5 5 5 5 5 3 3 3 3 3 3
262 2918 2940                                     3 3 3 5 5 5 5 5 5 5 5 5 5 5 5 3 3 3 3 3 3 3 3
263 2917 2940                                  3 3 3 3 5 5 5 5 5 5 5 5 5 5 5 5 3 3 3 3 3 3 3 3
264 2916 2940                               3 3 3 3 3 5 5 5 5 5 5 5 5 5 5 5 5 3 3 3 3 3 3 3 3
265 2915 2940                            3 3 3 3 3 5 5 5 5 5 5 5 5 5 5 5 5 3 3 3 3 3 3 3 3 3
266 2914 2940                         3 3 3 3 3 5 5 5 5 5 5 5 5 5 5 5 5 5 3 3 3 3 3 3 3 3 3
267 2912 2940                   3 3 3 3 3 3 3 5 5 5 5 5 5 5 5 5 5 5 5 3 3 3 3 3 3 3 3 3 3
268 2912 2940                   3 3 3 3 3 3 5 5 5 5 5 5 5 5 5 5 5 5 5 3 3 3 3 3 3 3 3 3 3
269 2913 2941                      3 3 3 3 3 5 5 5 5 5 5 5 5 5 5 5 5 3 3 3 3 3 3 3 3 3 3 1 1
270 2913 2941                      3 3 3 3 5 5 5 5 5 5 5 5 5 5 5 5 5 5 3 3 3 3 3 3 3 3 3 1 3
271 2913 2940                      3 3 3 3 5 5 5 5 5 5 5 5 5 5 5 5 5 3 3 3 3 3 3 3 3 3 3 1
272 2913 2940                      3 3 3 5 5 5 5 5 5 5 5 5 5 5 5 5 3 3 3 2 2 3 3 3 3 3 3 1
273 2913 2941                      3 3 3 5 5 5 5 5 5 5 5 5 5 5 5 5 3 3 3 2 2 3 1 1 1 1 1 1 1
274 2913 2941                      3 3 3 5 5 3 5 3 3 5 3 3 5 5 5 3 3 3 3 2 2 3 1 1 1 1 1 1 1
275 2919 2942                                        3 3 3 3 3 3 3 3 3 3 3 1 1 2 2 2 2 1 1 1 1 1 1 1
276 2920 2942                                           3 3 3 3 3 3 3 3 1 1 1 1 2 2 2 2 2 1 1 1 1 1 3
277 2920 2943                                           3 3 3 3 3 3 1 1 1 1 1 1 1 1 1 2 2 1 1 1 1 1 3 3
278 2920 2943                                           3 3 3 3 3 3 1 1 1 1 1 1 1 1 1 2 2 1 1 1 1 1 3 3
279 2920 2944                                           3 3 3 3 3 1 1 1 1 4 4 4 4 4 1 2 2 1 1 1 1 1 3 3 3
280 2921 2945                                              3 3 3 3 1 1 1 1 4 6 6 6 4 1 2 2 1 1 1 1 1 3 3 3 3
281 2921 2946                                              3 3 3 3 1 1 1 1 4 6 7 6 4 1 1 2 2 1 1 1 3 3 3 3 3 3
282 2925 2947                                                          3 1 1 1 4 6 6 6 4 1 1 2 2 1 1 1 3 3 3 3 3 3 3
283 2927 2948                                                                1 1 4 4 4 4 4 1 1 1 2 2 1 1 1 3 3 3 3 3 3 3
284 2931 2949                                                                            1 1 1 1 1 1 2 2 1 1 1 3 3 3 3 3 3 3 3
285 2932 2950                                                                               1 1 1 1 1 2 2 1 1 1 3 3 3 3 3 3 3 3 3
286 2932 2946                                                                               1 1 1 1 1 1 2 2 1 1 3 3 3 3 3
287 2932 2942                                                                               1 1 1 1 1 1 2 2 1 1 1
288 2932 2938                                                                               1 1 1 1 1 1 1
289 2932 2934                                                                               1 1 1
290 2932 2932                                                                               1
