#第一行名字内容，以后每行为高度 起始宽度 终止宽度 地域类型
1020907 吉县 临汾 山西 小型县城 4
338 2800 2809      2 2 2 2 2 3 3 1 1 1
339 2800 2815      2 2 2 2 2 3 3 1 1 1 1 1 1 1 1 1
340 2800 2820      2 2 2 2 2 3 3 3 3 3 1 1 1 1 1 1 1 3 3 3 3
341 2800 2831      2 2 2 2 2 3 3 3 3 3 3 3 3 1 1 3 3 3 3 3 3 3 3 3 3 3 3 3 3 3 3 3
342 2800 2833      2 2 2 2 2 3 3 3 3 3 3 3 3 3 1 1 3 3 3 3 3 3 3 3 3 3 3 3 3 3 3 3 3 3
343 2800 2835      2 2 2 2 2 3 3 3 3 3 3 3 3 3 1 1 3 3 3 3 3 3 3 3 3 3 3 3 3 3 3 3 3 3 3 3
344 2800 2837      2 2 2 2 2 3 3 3 3 3 3 3 3 3 1 1 3 3 3 3 3 3 3 3 3 3 3 3 3 3 3 3 3 3 3 3 3 3
345 2800 2837      2 2 2 2 2 3 3 3 3 3 3 3 3 1 1 3 3 3 3 3 3 3 3 3 3 3 3 3 3 3 3 3 3 3 3 3 3 3
346 2800 2837      2 2 2 2 2 3 3 3 3 3 3 3 3 1 1 3 3 3 3 3 3 3 3 3 3 3 3 3 3 3 3 3 3 3 3 3 3 3
347 2800 2836      2 2 2 2 2 3 3 3 3 3 3 3 3 1 1 3 3 3 3 3 3 3 3 3 3 3 3 3 3 3 3 3 3 3 3 3 3
348 2800 2836      2 2 2 2 2 3 3 3 3 3 3 3 1 1 3 3 3 3 3 3 3 3 3 3 3 3 3 3 3 3 3 3 3 3 3 3 3
349 2800 2836      2 2 2 2 2 3 3 3 3 3 3 3 1 1 3 3 3 3 3 3 3 3 3 3 3 3 3 3 3 3 3 3 3 3 3 3 3
350 2800 2836      2 2 2 2 2 3 3 3 3 1 1 1 1 1 1 1 1 1 3 3 3 3 3 3 3 3 3 3 3 3 3 3 3 3 3 3 3
351 2800 2835      2 2 2 2 2 3 3 3 1 1 1 1 1 4 4 4 4 4 1 1 3 3 3 3 3 3 3 3 3 3 3 3 3 3 3 3
352 2800 2831      2 2 2 2 2 3 3 3 1 1 1 1 1 4 6 6 6 4 1 1 1 3 3 3 3 3 3 3 3 3 3 3
353 2800 2827      2 2 2 2 2 3 3 3 1 1 1 1 1 4 6 7 6 4 1 1 1 1 3 3 3 3 3 3
354 2800 2824      2 2 2 2 2 3 3 3 1 1 1 1 1 4 6 6 6 4 1 1 1 1 3 3 3
355 2800 2821      2 2 2 2 2 3 3 3 1 1 1 1 1 4 4 4 4 4 1 1 1 1
356 2800 2818      2 2 2 2 2 3 3 1 1 1 1 1 1 1 1 1 1 1 1
357 2800 2817      2 2 2 2 2 3 3 1 1 1 1 1 1 1 1 1 1 1
358 2800 2814      2 2 2 2 2 3 1 1 1 1 1 1 1 1 1
359 2800 2811      2 2 2 2 2 1 1 1 1 1 1 1
360 2800 2809      2 2 2 2 2 1 1 1 3 3
361 2800 2807      2 2 2 2 2 1 1 3
362 2800 2805      2 2 2 2 2 1
363 2800 2803      2 2 2 2
364 2800 2801      2 2
