#第一行名字内容，以后每行为高度 起始宽度 终止宽度 地域类型
1020302 平定 阳泉 山西 大型县城 6
211 2997 3004                                                                                                                                 5 5 5 5 5 5 5 5
212 2997 3004                                                                                                                                 5 5 5 5 5 5 5 5
213 2997 3005                                                                                                                                 5 5 5 5 5 5 5 5 5
214 2997 3005                                                                                                                                 5 5 5 5 5 5 2 2 2
215 2997 3006                                                                                                                                 2 2 2 2 2 2 2 2 2 2
216 2997 3007                                                                                                                                 2 2 2 2 2 5 5 5 5 5 5
217 2997 3007                                                                                                                                 5 5 5 5 5 5 5 5 5 5 5
218 2997 3008                                                                                                                                 5 5 5 5 5 5 5 5 5 5 5 5
219 2997 3009                                                                                                                                 5 5 5 5 5 5 5 5 5 5 5 5 5
220 2997 3009                                                                                                                                 5 5 5 5 5 5 5 5 5 5 5 5 5
221 2997 3010                                                                                                                                 5 1 1 1 1 5 5 1 1 1 1 1 1 1
222 2997 3010                                                                                                                                 1 1 1 1 1 1 1 1 1 1 5 5 5 5
223 2997 3011                                                                                                                                 5 5 5 5 5 5 5 5 5 5 5 5 5 5 5
224 3000 3012                                                                                                                                          5 5 5 5 5 5 5 5 5 5 5 5 5
225 3000 3012                                                                                                                                          5 5 5 5 5 5 5 5 5 5 5 5 5
226 2997 3013                                                                                                                                 5 5 5 5 5 5 5 5 5 5 5 5 5 5 5 5 5
227 2992 3013                                                                                                                  5 5 5 5 5 5 5 5 5 5 5 5 5 5 5 5 5 5 5 5 5 5
228 2986 3014                                                                                                1 1 1 1 1 1 1 1 5 5 5 5 5 5 5 5 5 5 5 5 5 5 5 5 5 5 5 5 5
229 2981 3015                                                                                 1 1 1 1 1 1 1 1 1 1 1 1 1 1 1 5 5 5 5 5 5 5 5 5 5 5 5 5 5 5 5 5 5 5 5
230 2976 3015                                                                  3 1 1 1 1 1 1 1 1 1 1 1 1 1 1 1 1 1 1 1 1 5 5 5 5 5 5 5 5 5 5 5 5 5 5 5 5 5 5 5
231 2971 3015                                                   3 3 3 3 3 3 1 1 1 1 1 1 1 1 1 1 1 1 1 1 1 1 1 1 1 1 1 5 5 5 5 5 5 5 5 5 5 5 5 5 5 5 5 5 5
232 2966 3016                                    3 3 3 3 3 3 3 3 3 3 3 1 1 1 1 1 1 1 1 1 1 1 1 1 1 1 1 1 1 1 1 1 5 5 5 5 5 5 5 5 5 5 5 5 5 5 5 5 5 5 5
233 2960 3016                  3 3 3 3 3 3 3 3 3 3 3 3 3 3 3 3 1 1 1 1 1 1 1 1 1 4 4 4 4 4 1 1 1 1 1 1 1 1 5 5 5 5 5 5 5 5 5 5 5 5 5 5 5 5 5 5 5
234 2960 3016                  3 3 3 3 3 3 3 3 3 3 3 3 3 3 3 1 1 1 1 1 1 1 1 1 1 4 6 6 6 4 1 1 1 1 1 1 1 1 5 5 5 5 5 5 5 5 5 5 5 5 5 5 5 5 5 5 5 
235 2962 3017                        3 3 3 3 3 3 3 3 3 3 3 3 3 1 1 1 1 1 1 1 1 1 1 4 6 7 6 4 1 1 1 1 1 1 1 1 3 3 5 5 5 5 5 5 5 5 5 5 5 5 5 5 5 5 5 5
236 2964 3017                              3 3 3 3 3 3 3 3 3 3 3 3 3 1 1 1 1 1 1 1 1 4 6 6 6 4 1 1 1 1 1 1 1 1 3 3 5 5 5 5 5 5 5 5 5 5 5 5 5 5 5 5 5 5
237 2967 3017                                       3 3 3 3 3 3 3 3 3 3 3 3 1 1 1 1 1 1 4 4 4 4 4 1 1 1 1 1 1 1 1 3 3 5 5 5 5 5 5 5 5 5 5 5 5 5 5 5 5 5 5 5
238 2970 3018                                                3 3 3 3 3 3 3 3 3 3 1 1 1 1 1 1 1 1 1 1 1 1 1 1 1 1 3 3 3 5 5 5 5 5 5 5 5 5 5 5 5 5 5 5 5 5 5 5 5 5 
239 2973 3018                                                         3 3 3 3 3 3 3 3 3 3 3 3 3 3 3 3 1 1 3 3 3 3 3 3 3 5 5 5 5 5 5 5 5 5 5 5 5 5 5 5 5 5 5 5 5 5 5 
