#第一行名字内容，以后每行为高度 起始宽度 终止宽度 地域类型
1020804 岚县 吕梁 山西 小型县城 4
166 2861 2871                                                                                                5 5 5 5 5 5 5 5 5 5 5   
167 2860 2871                                                                                             5 5 5 5 5 5 5 5 5 5 5 5
168 2859 2871                                                                                          5 5 5 5 5 5 5 5 5 5 5 5 5
169 2856 2871                                                                                 5 5 5 5 5 5 5 5 5 5 5 5 5 5 5 5
170 2855 2871                                                                              5 5 5 5 5 5 5 5 5 5 5 5 5 5 5 5 5
171 2846 2846                                                   5
171 2854 2871                                                                           5 5 5 5 5 5 5 5 5 5 5 5 5 5 5 5 5 1
172 2845 2850                                                5 5 5 5 5 5
172 2852 2871                                                                     5 5 5 5 5 5 5 5 5 5 5 5 5 5 5 5 5 1 1 1
173 2845 2871                                                5 5 5 5 5 5 5 5 5 5 5 5 5 5 5 5 5 5 5 5 5 1 1 1 1 1 1
174 2844 2872                                             5 5 5 5 5 5 5 5 5 5 5 5 5 5 5 5 5 5 5 1 1 1 1 1 1 1 1 1 1
175 2845 2873                                                5 5 5 5 5 5 5 5 5 5 5 5 5 5 5 1 1 1 1 1 1 1 1 1 1 1 1 1 1
176 2846 2873                                                   5 5 5 5 5 5 5 5 5 5 5 1 1 1 1 1 1 1 1 1 1 1 1 1 1 1 1 1
177 2847 2872                                                      5 5 5 5 5 5 5 1 1 1 1 1 1 1 1 1 1 1 1 1 1 1 1 1 1 1
178 2848 2871                                                         5 5 5 1 1 1 1 1 1 1 1 1 1 1 1 1 1 1 1 1 1 1 1 1
179 2849 2871                                                            5 5 1 1 1 1 1 1 1 1 1 1 1 1 1 1 1 1 1 1 1 1 1
180 2848 2871                                                         5 5 5 1 1 1 1 1 1 1 1 1 1 1 1 1 1 1 1 1 1 1 1 1
181 2847 2871                                                      5 5 5 1 1 1 1 4 4 4 4 4 1 1 1 1 1 1 1 1 1 1 1 1 1
182 2846 2871                                                   5 5 5 1 1 1 1 1 4 6 6 6 4 1 1 1 1 1 1 1 1 1 1 1 1 1
183 2845 2871                                                5 5 5 5 1 1 1 1 1 4 6 7 6 4 1 1 1 1 1 1 1 1 1 1 1 1 1
184 2845 2872                                                5 5 5 5 1 1 1 1 1 4 6 6 6 4 1 1 1 1 1 1 1 1 1 1 1 1 1 1
185 2845 2874                                                5 5 5 5 1 1 1 1 1 4 4 4 4 4 1 1 1 1 1 1 1 1 1 1 1 1 1 1 2 2
186 2845 2875                                                5 5 5 1 1 1 1 1 1 1 1 1 1 1 1 1 1 1 1 1 1 1 1 1 1 1 1 1 2 2 1
187 2845 2876                                                5 5 5 1 1 1 1 1 1 1 1 1 1 1 1 1 1 1 1 1 1 1 1 1 1 1 1 2 2 1 1 1
188 2847 2873                                                   5 1 1 1 1 1 1 1 1 1 1 1 1 1 1 1 1 1 1 1 1 1 1 1 1 2 2
189 2849 2870                                                         1 1 1 1 1 1 1 1 1 1 1 1 1 1 1 1 1 1 1 1 1 1
190 2851 2867                                                               1 1 1 1 1 1 1 1 1 1 1 1 1 1 1 1 1
191 2853 2864                                                                     1 1 1 1 3 3 1 1 1 1 1 1
192 2855 2861                                                                           3 3 3 3 3 3 3
193 2857 2858                                                                                 3 3
