#第一行名字内容，以后每行为高度 起始宽度 终止宽度 地域类型
1020916 蒲县 临汾 山西 小型县城 4
320 2845 2849                                                                                                    3 3 3 3 3
321 2843 2849                                                                                              3 3 3 3 3 3 3
322 2840 2849                                                                                     3 3 3 3 3 3 3 3 3 3
323 2837 2849                                                                            3 3 3 3 3 3 3 3 3 3 3 3 3
324 2834 2849                                                                   3 2 2 3 3 3 3 3 3 3 3 3 3 3 3 3
325 2831 2849                                                          3 3 3 2 2 3 3 3 3 3 3 3 3 3 3 3 3 3 3
326 2828 2849                                                 1 3 3 3 2 2 2 3 3 3 3 3 3 3 3 3 3 3 3 3 3 3
327 2825 2849                                        3 3 1 1 3 2 2 2 3 3 3 3 3 3 3 3 3 3 3 3 3 3 3 3 3
328 2822 2849                               3 3 3 3 1 1 2 2 2 3 3 3 3 3 3 3 3 3 3 3 3 3 3 3 3 3 3 3
329 2822 2849                               1 1 1 1 1 2 2 3 3 3 3 3 3 3 3 3 3 3 3 3 3 3 3 3 3 3 3 3
330 2822 2849                               2 2 2 2 2 2 3 3 3 3 1 1 1 1 1 1 1 1 1 1 1 1 3 3 3 3 3 3
331 2822 2849                               3 3 3 3 3 1 1 1 1 1 1 1 1 4 4 4 4 4 1 1 1 1 3 3 3 3 3 3
332 2822 2849                               3 3 3 3 3 3 1 1 1 1 1 1 1 4 6 6 6 4 1 1 1 1 1 1 3 3 3 3
333 2823 2849                                  3 3 3 3 3 1 1 1 1 1 1 1 4 6 7 6 4 1 1 1 1 1 1 3 3 3 3
334 2824 2849                                     3 3 3 3 1 1 1 1 1 1 1 4 6 6 6 4 1 1 1 1 1 3 3 3 3 3
335 2825 2849                                        3 3 3 1 1 1 1 1 1 1 4 4 4 4 4 1 1 1 1 1 1 3 3 3 3
336 2826 2849                                           3 3 3 3 3 3 1 1 1 1 1 1 1 1 1 1 1 1 1 1 3 3 3 3
337 2827 2849                                              3 3 3 3 3 3 3 3 1 1 1 1 1 1 1 1 1 1 3 3 3 3 3
338 2828 2849                                                 3 3 3 3 3 3 3 3 3 1 1 1 1 1 1 1 3 3 3 3 3 3
339 2829 2849                                                    3 3 3 3 3 3 3 3 3 3 3 3 3 3 3 3 3 3 3 3 3
340 2830 2846                                                       3 3 3 3 3 3 3 3 3 3 3 3 3 3 3 3 3
341 2832 2845                                                             3 3 3 3 3 3 3 3 3 3 3 3 3 3
342 2834 2845                                                                   3 3 3 3 3 3 3 3 3 3 3 3
343 2836 2845                                                                         3 3 3 3 3 3 3 3 3 3
344 2838 2845                                                                               3 3 3 3 3 3 3 3
345 2840 2844                                                                                     3 3 3 3 3
346 2842 2844                                                                                           3 3 3
