#第一行名字内容，以后每行为高度 起始宽度 终止宽度 地域类型
1020801 吕梁 吕梁 山西 地级市
227 2821 2825                        5 5 5 5 5
228 2821 2825                        5 5 5 5 5
229 2821 2825                        5 5 5 5 5
229 2851 2856                                                                                                                  3 3 3 3 3 3
230 2821 2826                        5 5 5 5 5 5
230 2846 2856                                                                                                   3 3 3 3 3 3 3 3 3 5 5
231 2821 2828                        5 5 5 5 5 5 5 5
231 2841 2856                                                                                    1 2 2 1 1 3 3 3 3 3 3 3 3 5 5 5
232 2821 2830                        5 5 5 5 5 5 5 1 1 1
232 2836 2856                                                                     1 1 1 1 1 1 2 2 1 3 3 3 3 3 3 3 3 5 5 5 5
233 2821 2831                        5 5 5 5 5 5 5 1 1 1 1
233 2833 2856                                                            1 1 1 1 1 1 1 1 2 2 1 1 1 3 3 3 3 3 3 5 5 5 5 5
234 2819 2856                  5 5 5 5 5 5 5 5 5 1 1 1 1 1 1 1 1 1 1 1 1 2 2 1 1 1 1 3 3 3 3 3 3 5 5 5 5 5
235 2820 2856                     5 5 5 5 5 5 5 5 1 1 1 1 1 1 1 1 1 1 1 2 2 1 1 1 1 1 3 3 3 3 3 3 5 5 5 5 5
236 2821 2856                        5 5 5 5 5 5 1 1 1 1 1 1 1 1 1 1 1 1 2 2 1 1 1 1 1 3 3 3 3 3 3 5 5 5 5 5
237 2822 2856                           5 5 5 5 1 1 1 1 1 1 1 1 1 1 1 1 1 2 2 1 1 1 1 1 1 3 3 3 3 3 5 5 5 5 5
238 2823 2856                              5 5 5 1 1 1 1 1 1 1 1 1 1 1 1 1 2 2 1 1 1 1 1 1 1 3 3 3 3 5 5 5 5 5
239 2823 2857                              5 5 5 1 1 1 1 1 1 1 1 1 1 1 1 2 2 1 1 1 1 1 1 1 3 3 3 3 5 5 5 5 5 5 5
240 2824 2857                                 5 5 1 1 1 1 1 1 1 1 1 4 4 4 4 4 4 4 4 4 1 1 1 1 3 3 5 5 5 5 5 5 5 5
241 2824 2857                                 5 5 1 1 1 1 1 1 1 1 1 4 4 4 4 4 4 4 4 4 1 1 1 1 3 5 5 5 5 5 5 5 5 5
242 2825 2857                                    5 1 1 1 1 1 1 2 2 2 4 4 6 6 6 6 6 4 4 1 1 1 1 1 1 3 3 5 5 5 5 5 5
243 2825 2857                                    5 1 1 1 1 2 2 2 2 2 4 4 6 6 6 6 6 4 4 2 2 2 1 1 1 1 3 5 5 5 5 5 5
244 2826 2858                                       1 2 2 2 2 2 1 1 1 4 4 6 6 7 6 6 4 4 2 2 2 2 2 1 1 3 3 3 5 5 5 5 5
245 2826 2858                                       2 2 2 2 1 1 1 1 1 4 4 6 6 6 6 6 4 4 1 1 1 2 2 2 2 2 2 2 2 2 3 5 5
246 2827 2858                                          1 2 2 1 1 1 1 1 4 4 6 6 6 6 6 4 4 1 1 1 1 1 2 2 2 2 2 2 2 2 2 2
247 2834 2857                                                               1 4 4 4 4 4 4 4 4 4 1 1 1 1 1 1 1 3 3 3 3 3 2 2
248 2834 2856                                                               1 4 4 4 4 4 4 4 4 4 1 1 1 1 1 1 3 3 5 5 5 5 5
249 2833 2855                                                            1 1 1 1 1 1 1 1 1 1 1 1 1 1 1 1 1 3 5 5 5 5 5
250 2833 2854                                                            1 1 1 1 1 1 1 1 1 1 1 1 1 1 1 1 1 3 5 5 5 5
251 2832 2853                                                         1 1 1 1 1 1 1 1 1 1 1 1 1 1 1 1 3 3 5 5 5 5
252 2832 2837                                                         1 1 1 1 1 1
252 2839 2852                                                                              1 1 1 1 1 1 1 1 1 3 3 5 5 5
253 2831 2835                                                      2 1 1 1 1
253 2841 2851                                                                                    1 1 1 1 1 1 3 3 5 5 5
254 2831 2833                                                      2 2 1
254 2843 2850                                                                                          1 3 3 3 5 5 3 3
255 2831 2831                                                      2
255 2845 2848                                                                                                5 5 5 3