#第一行名字内容，以后每行为高度 起始宽度 终止宽度 地域类型
1020901 尧都 临汾 山西 郡治 8
340 2847 2850                                    3 3 3 3 3 3
341 2846 2851                                       3 3 3 3 3 1
342 2846 2852                                       3 3 3 1 1 1 1
343 2846 2853                                       3 3 1 1 1 1 1 1
344 2846 2854                                       3 3 1 1 1 1 1 1 1
345 2838 2839               3 3
345 2845 2855                                    3 1 1 1 1 1 1 1 1 1 2
346 2838 2841               3 3 3 3
346 2845 2856                                    3 1 1 1 1 1 1 1 1 2 2 2
347 2837 2857            3 3 3 3 3 3 3 3 1 1 1 1 1 1 1 1 1 2 2 2 1
348 2837 2858            3 3 3 3 3 3 3 3 1 1 1 1 1 1 1 1 1 2 2 2 1 1
349 2837 2859            3 3 3 3 3 3 3 1 1 1 1 1 4 4 4 4 4 4 4 4 4 1 1
350 2837 2860            3 3 3 3 3 3 3 1 1 1 1 1 4 4 4 4 4 4 4  4 4 1 1 1
351 2836 2861         3 3 3 3 3 3 3 3 1 1 1 1 1 4 4 6 6 6 6 6 4 4 1 1 1 1
352 2838 2862               3 3 3 3 3 3 1 1 1 1 1 4 4 6 6 6 6 6 4 4 1 1 1 1 1
353 2840 2863                     3 3 3 1 1 1 1 1 1 4 4 6 6 7 6 6 4 4 1 1 1 1 1 1
354 2841 2864                        3 3 1 1 1 1 1 1 4 4 6 6 6 6 6 4 4 1 1 1 1 1 1 1
355 2842 2865                           3 1 1 1 1 1 1 4 4 6 6 6 6 6 4 4 1 1 1 1 1 1 1 1
356 2843 2870                              1 1 1 1 1 1 4 4 4 4 4 4 4 4 4 1 1 1 1 1 1 1 1 1 1 1 1 1
357 2845 2869                                    1 1 1 1 4 4 4 4 4 4 4 4 4 1 1 1 1 1 1 1 1 1 1 1 1
358 2846 2869                                       1 1 1 1 2 2 2 1 1 1 1 1 1 1 1 1 1 1 1 1 1 1 1 1
359 2847 2869                                          1 1 2 2 2 1 1 1 1 1 1 1 1 1 1 1 1 1 1 1 1 1 1
360 2848 2868                                             1 2 2 2 1 1 1 1 1 1 1 1 1 1 1 1 1 1 1 1 1
361 2849 2868                                                2 2 2 1 1 1 1 1 1 1 1 1 1 1 1 1 1 1 1 1
362 2850 2868                                                   2 2 1 1 1 1 1 1 1 1 1 1 1 1 1 1 1 1 1
363 2851 2867                                                      1 1 1 1 1 1 1 1 1 1 1 1 1 1 1 1 1
364 2852 2867                                                         1 1 1 1 1 1 1 1 1 1 1 1 1 1 1 1
365 2853 2867                                                            1 1 1 1 1 1 1 1 1 1 1 1 1 1 1
366 2854 2866                                                               1 1 1 1 1 1 1 1 1 1 1 1 1
367 2855 2866                                                                  1 1 1 1 1 1 1 1 1 1 1 1
368 2856 2866                                                                     1 1 1 1 1 1 1 1 1 1 1
369 2857 2865                                                                        1 1 1 1 1 1 1 1 1
370 2858 2865                                                                           1 1 1 1 1 1 1 1
