#第一行名字内容，以后每行为高度 起始宽度 终止宽度 地域类型
1020103 太谷 太原 山西 大型县城 7
241 2909 2919                            1 1 1 1 1 1 1 1 1 1 1
242 2908 2920                         1 1 1 1 1 1 1 1 1 1 1 1 1
243 2907 2920                      1 1 1 1 1 1 1 1 1 1 1 1 1 1
244 2906 2924                   1 1 1 1 1 1 1 1 1 1 1 1 1 1 1 1 1 1 1
245 2905 2927                1 1 1 1 1 1 1 1 1 1 1 1 1 1 1 1 1 1 1 1 1 1 1
246 2904 2930             1 1 1 1 1 1 1 1 1 1 1 1 1 1 1 1 1 1 1 1 1 1 1 1 1 1 1
247 2904 2932             1 1 1 1 1 1 1 1 1 1 4 4 4 4 4 1 1 1 1 1 1 1 1 1 1 3 3 3 3
248 2904 2931             1 1 1 1 1 1 1 1 1 1 4 6 6 6 4 1 1 1 1 1 1 1 1 1 3 3 3 3
249 2905 2930                1 1 1 1 1 1 1 1 1 4 6 7 6 4 1 1 1 1 1 1 3 3 3 3 3 3
250 2905 2929                1 1 1 1 1 1 1 1 1 4 6 6 6 4 1 1 1 1 3 3 3 3 3 3 3
251 2906 2928                   1 1 1 1 1 1 1 1 4 4 4 4 4 1 1 1 3 3 3 3 3 3 3
252 2906 2927                   1 1 1 1 1 1 1 1 1 1 1 1 1 1 3 3 3 3 3 3 3 3
253 2908 2926                         1 1 1 1 1 1 1 1 1 1 1 3 3 3 3 3 3 3 3
254 2910 2925                               1 1 1 1 1 1 3 3 3 3 3 3 3 3 3 3
255 2911 2924                                  1 1 1 3 3 3 3 3 3 3 3 3 3 3
256 2911 2923                                  1 1 3 3 3 3 3 3 3 3 3 3 3
257 2911 2922                                  3 3 3 3 3 3 3 3 3 3 3 3
258 2911 2921                                  3 3 3 3 3 3 3 3 3 3 3
259 2911 2920                                  3 3 3 3 3 3 3 3 3 3
260 2911 2919                                  3 3 3 3 3 3 3 3 3
261 2911 2918                                  3 3 3 3 3 3 3 3
262 2912 2917                                     3 3 3 3 3 3
263 2912 2916                                     3 3 3 3 3
264 2912 2915                                     3 3 3 3
265 2912 2914                                     3 5 5
266 2912 2913                                     5 5
