#第一行名字内容，以后每行为高度 起始宽度 终止宽度 地域类型
1021008 夏县 运城 山西 小型县城 3
427 2833 2842         1 1 1 1 1 1 1 1 1 1
428 2833 2844         1 1 1 1 1 1 1 1 1 1 1 1
429 2832 2846      1 1 1 1 1 1 1 1 1 1 1 1 1 1 1
430 2832 2848      1 1 1 1 1 1 1 1 1 1 1 1 1 1 1 1 1
431 2832 2850      1 1 1 1 1 1 1 1 1 1 1 1 1 1 1 1 1 1 1
432 2832 2852      1 1 1 1 1 1 1 1 1 1 1 1 1 1 1 1 1 1 1 1 1
433 2832 2853      1 1 1 1 1 1 1 1 1 1 1 1 1 1 1 1 1 1 1 1 1 1
434 2833 2854         1 1 1 1 1 1 1 1 1 1 1 1 1 1 1 1 1 1 1 1 1 3
435 2833 2855         1 1 1 1 1 1 1 1 1 1 1 1 1 1 1 1 1 1 1 1 1 3 3
436 2833 2856         1 1 1 1 1 1 1 1 1 1 1 1 1 1 1 1 1 1 1 1 1 3 3 3
437 2833 2857         1 1 1 1 1 1 1 1 1 1 1 1 1 1 1 1 1 1 1 1 1 3 3 3 3
438 2833 2858         1 1 1 1 1 1 1 1 1 1 1 1 1 1 1 1 1 1 1 1 1 3 3 3 3 3
439 2833 2859         1 1 1 1 1 1 1 1 1 1 1 1 1 1 1 1 1 1 1 1 1 3 3 3 3 3 3
440 2834 2860            1 1 1 1 1 1 1 1 1 1 1 1 1 1 1 1 1 1 1 1 3 3 3 3 3 3 3
441 2834 2861            1 1 1 1 1 1 1 1 1 1 1 1 1 1 1 1 1 1 1 1 3 3 3 3 3 3 3 3
442 2834 2862            1 1 1 1 1 1 1 1 1 1 1 1 1 1 1 1 1 1 1 3 3 3 3 3 3 3 3 3 3
443 2834 2863            1 1 1 1 1 1 1 1 1 1 1 1 1 1 1 1 1 1 1 3 3 3 3 3 3 3 3 3 3 3
444 2834 2864            1 1 1 1 1 1 1 1 1 1 1 1 1 1 1 1 1 1 1 3 3 3 3 3 3 3 3 3 3 3 3
445 2835 2865               1 1 1 1 1 1 1 1 1 1 1 1 1 1 1 1 1 1 3 3 3 3 3 3 3 3 3 3 3 3 3
446 2835 2866               1 1 1 1 1 1 1 1 1 4 4 4 4 4 1 1 1 1 3 3 3 3 3 3 3 3 3 3 3 3 3 3
447 2835 2866               1 1 1 1 1 1 1 1 1 4 6 6 6 4 1 1 1 1 3 3 3 3 3 3 3 3 3 3 3 3 3 3
448 2835 2866               1 1 1 1 1 1 1 1 1 4 6 7 6 4 1 1 1 1 3 3 3 3 3 3 3 3 3 3 3 3 3 3
449 2835 2866               1 1 1 1 1 1 1 1 1 4 6 6 6 4 1 1 1 1 3 3 3 3 3 3 3 3 3 3 3 3 3 3
450 2836 2866                  1 1 1 1 1 1 1 1 4 4 4 4 4 1 1 1 3 3 3 3 3 3 3 3 3 3 3 3 3 3 3
451 2836 2866                  1 1 1 1 1 1 1 1 1 1 1 1 1 1 1 1 3 3 3 3 3 3 3 3 3 3 3 3 3 3 3
452 2836 2866                  1 1 1 1 1 1 1 1 1 1 1 1 1 1 1 1 3 3 3 3 3 3 3 3 3 3 3 3 3 3 3
453 2837 2866                     1 1 1 1 1 1 1 1 1 1 1 1 1 1 1 3 3 3 3 3 3 3 3 3 3 3 3 3 3 3
454 2837 2866                     1 1 1 1 1 1 1 1 1 1 1 1 1 1 1 3 3 3 3 3 3 3 3 3 3 3 3 3 3 3
455 2837 2866                     1 1 1 1 1 1 1 1 1 1 1 1 1 1 3 3 3 3 3 3 3 3 3 3 3 3 3 3 3 3
456 2837 2866                     1 1 1 1 1 1 1 1 1 1 1 1 1 1 3 3 3 3 3 3 3 3 3 3 3 3 3 3 3 3
457 2837 2866                     1 1 1 1 1 1 1 1 1 1 1 1 1 1 3 3 3 3 3 3 3 3 3 3 3 3 3 3 3 3
458 2837 2866                     1 1 1 1 1 1 1 1 1 1 1 1 1 3 3 3 3 3 3 3 3 3 3 3 3 3 3 3 3 3
459 2837 2866                     1 1 1 1 1 1 1 1 1 1 1 3 3 3 3 3 3 3 3 3 3 3 3 3 3 3 3 3 3 3
460 2837 2866                     1 1 1 1 1 1 1 1 1 1 3 3 3 3 3 3 3 3 3 3 3 3 3 3 3 3 3 3 3 3
461 2837 2866                     1 1 1 1 1 3 3 3 3 3 3 3 3 3 3 3 3 3 3 3 3 3 3 3 3 3 3 3 3 3
462 2837 2866                     3 3 3 3 3 3 3 3 3 3 3 3 3 3 3 3 3 3 3 3 3 3 3 3 3 3 3 3 3 3
463 2842 2867                                    3 3 3 3 3 3 3 3 3 3 3 3 3 3 3 3 3 3 3 3 3 3 3 3 3 3
464 2844 2867                                          3 3 3 3 3 3 3 3 3 3 3 3 3 3 3 3 3 3 3 3 3 3 3 3
465 2846 2868                                                3 3 3 3 3 3 3 3 3 3 3 3 3 3 3 3 3 3 3 3 3 3 3
466 2848 2868                                                      3 3 3 3 3 3 3 3 3 3 3 3 3 3 3 3 3 3 3 3 3
467 2850 2869                                                            3 3 3 3 3 3 3 3 3 3 3 3 3 3 3 3 3 3 3 3
468 2860 2869                                                                                          3 3 3 3 3 3 3 3 3 3 
469 2860 2869                                                                                          3 3 3 3 3 3 1 1 1 1
470 2860 2869                                                                                          3 3 3 3 1 1 1 1 2 2
471 2860 2869                                                                                          3 3 1 1 1 1 2 2 2 2
472 2860 2869                                                                                          3 1 1 1 2 2 2 2 2 2
473 2860 2869                                                                                          1 1 2 2 2 2 2 2 2 2
474 2860 2867                                                                                          2 2 2 2 2 2 2 2
475 2860 2865                                                                                          2 2 2 2 2 2
476 2860 2863                                                                                          2 2 2 2
477 2860 2861                                                                                          2 2
