#第一行名字内容，以后每行为高度 起始宽度 终止宽度 地域类型
1021010 永济 运城 山西 大型县城 6
454 2814 2817                                                                  1 1 1 1
455 2795 2817         2 2 2 2 2 1 1 1 1 1 1 1 1 1 1 1 1 1 1 1 1 1 1
456 2795 2817         2 2 2 2 2 1 1 1 1 1 1 1 1 1 1 1 1 1 1 1 1 1 1
457 2795 2817         2 2 2 2 2 1 1 1 1 1 1 1 1 1 1 1 1 1 1 1 1 1 1
458 2795 2817         2 2 2 2 2 1 1 1 1 1 1 1 1 1 1 1 1 1 1 1 1 1 1
459 2795 2817         2 2 2 2 2 1 1 1 1 1 1 1 1 1 1 1 1 1 1 1 1 1 1
460 2795 2817         2 2 2 2 2 1 1 1 1 1 1 1 1 1 1 1 1 1 1 1 1 1 1
461 2794 2817      2 2 2 2 2 2 1 1 1 1 1 1 1 1 1 1 1 1 1 1 1 1 1 1
462 2794 2817      2 2 2 2 2 1 1 1 1 1 1 1 1 1 1 1 1 1 1 1 1 1 1 1
463 2793 2817   2 2 2 2 2 1 1 1 1 1 1 1 1 1 1 1 1 1 1 1 1 1 1 1 1
464 2793 2817   2 2 2 2 2 1 1 1 1 1 4 4 4 4 4 1 1 1 1 1 1 1 1 1 1
465 2793 2817   2 2 2 2 2 1 1 1 1 1 4 6 6 6 4 1 1 1 1 1 1 1 1 1 1
466 2793 2816   2 2 2 2 2 1 1 1 1 1 4 6 7 6 4 1 1 1 1 1 1 1 1 1
467 2793 2816   2 2 2 2 2 1 1 1 1 1 4 6 6 6 4 1 1 1 1 1 1 1 1 1
468 2793 2815   2 2 2 2 2 1 1 1 1 1 4 4 4 4 4 1 1 1 1 1 1 1 1
469 2793 2815   2 2 2 2 2 1 1 1 1 1 1 1 1 1 1 1 1 1 1 1 1 1 1
470 2793 2815   2 2 2 2 2 1 1 1 1 1 1 1 1 1 1 1 1 1 1 1 1 1 1
471 2793 2816   2 2 2 2 2 1 1 1 1 1 1 1 1 1 1 1 1 1 1 1 1 1 1 1
472 2793 2816   2 2 2 2 2 1 1 1 1 1 1 1 1 1 1 1 1 1 1 1 1 1 1 1
473 2793 2799   2 2 2 2 2 1 1
474 2793 2797   2 2 2 2 2
475 2793 2795   2 2 2
