#第一行名字内容，以后每行为高度 起始宽度 终止宽度 地域类型
1020802 娄烦 吕梁 山西 小型县城 4
188 2874 2877                                                                      1 1 1 1     
189 2871 2879                                                             1 2 2 1 1 1 1 3 3
190 2868 2881                                                    1 1 1 1 2 2 1 1 1 3 3 3 3 3
191 2865 2881                                           1 1 1 1 1 1 1 2 2 1 1 3 3 3 3 3 3
192 2862 2881                                  3 1 1 1 1 1 1 1 1 1 1 2 2 3 3 3 3 3 3 3
193 2859 2881                         3 3 3 3 1 1 1 1 1 1 1 1 1 1 2 2 3 3 3 3 3 3 3
194 2857 2881                   3 3 3 3 3 3 1 1 1 1 1 1 1 1 1 1 1 2 2 1 3 3 3 3 3
195 2856 2881                3 3 3 3 3 3 1 1 1 1 1 1 1 1 1 1 1 1 2 2 1 3 3 3 3 3
196 2855 2881             5 5 5 5 3 3 1 1 1 1 1 1 1 1 1 1 1 1 1 1 2 2 1 3 3 3 3
197 2854 2881          5 5 5 5 5 3 1 1 1 1 1 1 1 1 1 1 1 1 1 1 1 2 2 1 1 3 3 3
198 2854 2881          5 5 5 5 5 5 1 1 1 4 4 4 4 4 1 1 1 1 1 1 1 1 2 2 1 3 3 3
199 2854 2881          5 5 5 5 5 1 1 1 1 4 6 6 6 4 1 1 1 1 1 1 1 1 2 2 2 1 1 3
200 2854 2881          5 5 5 5 1 1 1 1 1 4 6 7 6 4 1 1 1 1 1 1 1 1 1 2 2 2 1 1
201 2855 2881             5 5 5 1 1 1 1 1 4 6 6 6 4 1 1 1 1 1 1 1 1 1 2 2 2 2 2
202 2855 2881             5 5 5 5 1 1 1 1 4 4 4 4 4 1 1 1 1 1 1 1 1 1 2 2 2 2 2
203 2856 2881                5 5 5 1 1 1 1 1 1 1 1 1 1 1 1 1 1 1 1 1 1 1 1 1 2 2
204 2856 2881                5 5 5 5 1 1 1 1 1 1 1 1 1 1 1 1 1 1 1 1 1 1 1 1 1 1
205 2857 2881                   5 5 5 5 3 1 1 1 1 1 1 1 1 1 1 1 1 1 1 1 1 1 1 1 1
206 2857 2881                   5 5 5 3 3 3 1 1 1 1 1 1 1 1 1 1 1 1 1 1 1 1 1 1 1
207 2858 2881                      5 5 5 3 3 3 3 1 1 1 1 1 1 1 1 1 1 1 1 1 1 1 1 1
208 2858 2881                      5 5 5 3 3 3 3 3 3 1 1 1 1 1 1 1 1 1 1 1 1 1 1 1
209 2859 2875                         5 5 3 3 3 3 3 3 3 3 3 1 1 1 1 1 1
210 2859 2870                         5 5 3 3 3 3 3 3 3 3 3 3
211 2860 2869                            3 3 3 3 3 3 3 3 3 3
212 2860 2868                            3 3 3 3 3 3 3 3 3
