#第一行名字内容，以后每行为高度 起始宽度 终止宽度 地域类型
1020114 界休 太原 并州 大型县城 7
271 2877 2883                         1 1 1 1 1 1 1
272 2876 2883                      1 1 1 1 1 1 1 1
273 2874 2883                1 1 1 1 1 1 1 1 1 1
274 2874 2883                1 1 1 1 1 1 1 1 1 1
275 2873 2883             1 1 1 1 1 1 1 1 1 1 1
276 2872 2883          1 1 1 1 1 1 1 1 1 1 1 1
277 2872 2883          1 1 1 4 4 4 4 4 1 1 1 1
278 2871 2883       1 1 1 1 4 6 6 6 4 1 1 1 1
279 2871 2883       1 1 1 1 4 6 7 6 4 1 1 1 1
280 2870 2883    1 1 1 1 1 4 6 6 6 4 1 1 3 3
281 2871 2883       1 1 1 1 4 4 4 4 4 1 1 3 3
282 2872 2883          1 1 1 1 1 1 1 1 1 3 3 3
283 2872 2883          1 1 1 1 1 1 1 1 1 3 3 3
284 2873 2883             1 1 1 1 1 1 1 3 3 3 3
285 2874 2883                1 1 1 1 1 1 3 3 3 3
286 2874 2883                1 1 1 1 1 1 3 3 3 3
287 2874 2882                1 1 1 1 1 3 3 3 3
288 2874 2882                1 1 1 1 1 3 3 3 3
289 2874 2881                1 1 1 3 3 3 3 3
290 2874 2881                1 1 1 3 3 3 3 3
291 2875 2881                   1 1 3 3 3 3 3
292 2876 2881                      1 3 3 3 3 3
293 2876 2881                      5 5 5 5 5 5
294 2876 2881                      5 5 5 5 5 5
295 2877 2882                         5 5 5 5 5 5
296 2877 2882                         5 5 5 5 5 5
297 2878 2882                            5 5 5 5 5
298 2878 2882                            5 5 5 5 5
299 2879 2883                               5 5 5 5 5
300 2880 2883                                  5 5 5 5
301 2881 2883                                     5 5 5
