#第一行名字内容，以后每行为高度 起始宽度 终止宽度 地域类型
1020610 楼烦 朔方 并州 小型县城 4
111 2865 2869                                                                                  3 3 3 3 3           
112 2865 2869                                                                                  3 3 3 3 3
113 2865 2870                                                                                  3 3 3 3 3 3
114 2864 2870                                                                               3 3 3 3 3 3 3
115 2864 2870                                                                               3 3 3 3 3 3 3
116 2864 2871                                                                               3 3 3 3 3 3 3 3
117 2863 2872                                                                            3 3 3 3 3 3 3 3 3 1
118 2863 2873                                                                            3 3 3 3 3 3 3 3 3 1 1
119 2862 2874                                                                         3 3 3 3 3 3 3 3 3 1 1 1 1
120 2861 2874                                                                      3 3 3 3 3 3 3 3 3 1 1 1 1 1
121 2860 2875                                                                   3 3 3 3 3 3 3 3 3 1 1 1 1 1 1 1
122 2859 2875                                                                3 3 3 3 3 3 3 3 1 1 1 1 1 1 1 1 1
123 2858 2876                                                             3 3 3 3 3 3 3 3 1 1 1 1 1 1 1 1 1 1 1
124 2857 2877                                                          3 3 3 3 3 3 3 3 1 1 1 1 1 1 1 1 1 1 1 1 1
125 2856 2878                                                       3 3 3 3 3 3 3 3 1 1 1 1 1 1 1 1 1 1 1 1 1 1 1
126 2855 2879                                                    3 3 3 3 3 3 3 3 1 1 1 1 1 1 1 1 1 1 1 1 1 1 1 1 1
127 2854 2880                                                 3 3 3 3 3 3 3 3 3 1 1 1 1 1 1 1 1 1 1 1 1 1 1 1 1 1 1
128 2854 2881                                                 3 3 3 3 3 3 3 3 1 1 1 1 1 1 1 1 1 1 1 1 1 1 1 1 1 1 1 1
129 2854 2882                                                 3 3 3 3 3 3 1 1 1 1 1 1 1 1 1 1 1 1 1 1 1 1 1 1 1 1 1 1 1
130 2853 2883                                              3 3 3 3 3 3 1 1 1 1 1 1 1 1 1 1 1 1 1 1 1 1 1 1 1 1 1 1 1 1 1
131 2853 2884                                              3 3 3 3 3 3 1 1 1 1 1 1 1 1 1 1 1 1 1 1 1 1 1 1 1 1 1 1 1 1 1 5
132 2852 2885                                           3 3 3 3 3 3 1 1 1 1 1 1 1 1 1 1 1 1 1 1 1 1 1 1 1 1 1 1 1 5 5 5 5 5
133 2852 2886                                           3 3 3 3 3 1 1 1 1 1 1 1 1 1 1 1 1 1 1 1 1 1 1 1 1 1 1 5 5 5 5 5 5 5 5
134 2852 2887                                           3 3 3 3 3 1 1 1 1 1 1 1 1 1 1 1 1 1 1 1 1 1 1 1 1 5 5 5 5 5 5 5 5 5 5 5
135 2852 2888                                           3 3 3 3 3 1 1 1 1 1 1 4 4 4 4 4 1 1 1 1 1 1 1 1 5 5 5 5 5 5 5 5 5 5 5 5 5
136 2852 2889                                           3 3 3 3 3 1 1 1 1 1 1 4 6 6 6 4 1 1 1 1 1 1 1 5 5 5 5 5 5 5 5 5 5 5 5 5 5 5
137 2854 2889                                                 3 3 1 1 1 1 1 1 1 4 6 7 6 4 1 1 1 1 1 5 5 5 5 5 5 5 5 5 5 5 5 5 5 5 5 5
138 2854 2888                                                 3 3 1 1 1 1 1 1 1 4 6 6 6 4 1 1 1 5 5 5 5 5 5 5 5 5 5 5 5 5 5 5 5 5 5
139 2855 2887                                                    1 1 1 1 1 1 1 1 4 4 4 4 4 1 1 1 5 5 5 5 5 5 5 5 5 5 5 5 5 5 5 5 5
140 2856 2886                                                       1 1 1 1 1 1 1 1 1 1 1 1 1 1 1 5 5 5 5 5 5 5 5 5 5 5 5 5 5 5 5
141 2854 2885                                                 1 1 1 1 1 1 1 1 1 1 1 1 1 1 1 1 5 5 5 5 5 5 5 5 5 5 5 5 5 5 5 5
142 2855 2884                                                    1 1 1 1 1 1 1 1 1 1 1 1 5 5 5 5 5 5 5 5 5 5 5 5 5 5 5 5 5 5
143 2856 2883                                                       1 1 1 1 1 1 1 1 1 1 1 5 5 5 5 5 5 5 5 5 5 5 5 5 5 5 5 5
144 2858 2882                                                             1 1 1 1 1 1 1 1 5 5 5 5 5 5 5 5 5 5 5 5 5 5 5 5 5
145 2860 2881                                                                   1 1 1 1 1 5 5 5 5 5 5 5 5 5 5 5 5 5 5 5 5 5
146 2863 2880                                                                         1 5 5 5 5 5 5 5 5 5 5 5 5 5 5 5 5 5
147 2866 2879                                                                                  5 5 5 5 5 5 5 5 5 5 5 5 5 5
148 2867 2878                                                                                     5 5 5 5 5 5 5 5 5 5 5 5
149 2869 2877                                                                                           5 5 5 5 5 5 5 5 5
150 2871 2875                                                                                                 5 5 5 5 5
151 2872 2873                                                                                                    5 5

