#第一行名字内容，以后每行为高度 起始宽度 终止宽度 地域类型
1020105 狼孟 太原 并州 大型县城 6
181 2929 2948                                                                                                                                            5 5 5 5 5 5 5 5 5 5 5 5 5 5 5 5 5 5 5 5
182 2929 2947                                                                                                                                            5 5 5 5 5 5 5 5 5 5 5 5 5 5 5 5 5 5 5
183 2892 2892                               3
183 2928 2946                                                                                                                                         5 5 5 5 5 5 5 5 5 5 5 5 5 5 5 5 5 5 5
184 2890 2894                         3 3 3 3 3 
184 2926 2945                                                                                                                                   5 5 5 5 5 5 5 5 5 5 5 5 5 5 5 5 5 5 5 5
185 2888 2896                   3 3 3 3 3 3 3 3 3
185 2924 2944                                                                                                                             5 5 5 5 5 5 5 5 5 5 5 5 5 5 5 5 5 5 5 5 5
186 2888 2896                   3 3 3 3 3 3 3 3 3
186 2923 2943                                                                                                                          5 5 5 5 5 5 5 5 5 5 5 5 5 5 5 5 5 5 5 5 5
187 2888 2898                   3 3 3 3 3 3 3 3 3 3 3
187 2922 2942                                                                                                                       5 5 5 5 5 5 5 5 5 5 5 5 5 5 5 5 5 5 5 5 5
188 2888 2900                   3 3 3 3 3 3 3 3 3 3 3 3 3
188 2920 2940                                                                                                                 5 5 5 5 5 5 5 5 5 5 5 5 5 5 5 5 5 5 5 5 5
189 2888 2902                   3 3 3 3 3 3 3 3 3 3 3 3 3 3 3
189 2918 2938                                                                                                           5 5 5 5 5 5 5 5 5 5 5 5 5 5 5 5 5 5 5 5 5
190 2888 2904                   3 3 3 3 3 3 3 3 3 3 3 3 3 3 3 3 3
190 2916 2936                                                                                                      5 5 5 5 5 5 5 5 5 5 5 5 5 5 5 5 5 5 5 5 5
191 2888 2906                   3 3 3 3 3 3 3 3 3 3 3 3 3 3 3 3 3 1 1
191 2914 2934                                                                                                5 5 5 5 5 5 5 5 5 5 5 5 5 5 5 5 5 5 5 5 5
192 2888 2908                   3 3 3 3 3 3 3 3 3 3 3 3 3 3 3 3 3 1 1 1 1
192 2912 2932                                                                                           5 5 5 5 5 5 5 5 5 5 5 5 5 5 5 5 5 5 5 5 5
193 2891 2932                            3 3 3 3 3 3 3 3 3 3 3 3 3 3 1 1 1 1 1 5 5 5 5 5 5 5 5 5 5 5 5 5 5 5 5 5 5 5 5 5 5 5
194 2891 2932                            3 3 3 3 3 3 3 3 3 3 3 3 3 3 1 1 1 1 1 5 5 5 5 5 5 5 5 5 5 5 5 5 5 5 5 5 5 5 5 5 5 5
195 2892 2932                               3 3 3 3 3 3 3 3 3 3 3 3 3 1 1 1 1 1 5 5 5 5 5 5 5 5 5 5 5 5 5 5 5 5 5 5 5 5 5 5 5
196 2892 2932                               3 3 3 3 3 3 3 3 3 3 3 3 3 1 1 1 1 1 1 5 5 5 5 5 5 5 5 5 5 5 5 5 5 5 5 5 5 5 5 5 5
197 2892 2932                               3 3 3 3 3 3 3 3 3 3 3 3 3 1 1 1 1 1 1 1 1 1 1 1 5 5 5 5 5 5 5 5 5 5 5 5 5 5 5 5 5
198 2892 2932                               3 3 3 3 3 3 3 3 3 3 3 3 1 1 1 1 1 1 1 1 1 1 1 1 1 1 5 5 5 5 5 5 5 5 5 5 5 5 5 5 5
199 2892 2933                               3 3 3 3 3 1 1 1 1 1 1 1 1 1 1 1 1 1 1 1 1 1 1 1 1 1 5 5 5 5 5 5 5 5 5 5 5 5 5 5 5 5
200 2892 2933                               3 3 3 1 1 1 1 2 2 2 2 1 1 1 1 1 1 1 1 4 4 4 4 4 1 1 1 5 5 5 5 5 5 5 5 5 5 5 5 5 5 5
201 2892 2934                               1 1 1 1 2 2 2 2 2 2 2 2 1 1 1 1 1 1 1 4 6 6 6 4 1 1 1 5 5 5 5 5 5 5 5 5 5 5 5 5 5 5 5
202 2892 2934                               2 2 2 2 2 2 2 2 2 2 2 2 2 1 1 1 1 1 1 4 6 7 6 4 1 1 1 1 1 5 5 5 5 5 5 5 5 5 5 5 5 5 5
203 2892 2935                               2 2 2 2 2 2 2 1 1 1 1 2 2 2 1 1 1 1 1 4 6 6 6 4 1 1 1 1 1 1 5 5 5 5 5 5 5 5 5 5 5 5 5 5
204 2894 2909                                     2 2 1 1 1 1 1 1 1 2 2 2 1 1 1 1
204 2911 2935                                                                                        4 4 4 4 4 1 1 1 1 1 1 5 5 5 5 5 5 5 5 5 5 5 5 5 5
205 2895 2907                                        1 1 1 1 1 1 1 1 2 2 2 1 1
205 2912 2928                                                                                           1 1 1 1 1 1 1 1 1 1 5 5 5 5 5 5 5
206 2895 2905                                        1 1 1 1 1 1 1 1 1 2 2
206 2913 2929                                                                                              1 1 1 1 1 1 1 1 1 1 5 5 5 5 5 5 5
207 2896 2903                                           1 1 1 1 1 1 1 1
207 2914 2929                                                                                                 1 1 1 1 1 1 1 1 1 5 5 5 5 5 5 5
208 2896 2901                                           1 1 1 1 1 1
208 2915 2924                                                                                                    1 1 1 1 1 1 1 1 5 5
209 2895 2899                                        3 3 1 1 1
209 2916 2920                                                                                                       1 1 1 1 1
210 2915 2919                                                                                                    1 1 1 1 1
