#第一行名字内容，以后每行为高度 起始宽度 终止宽度 地域类型
1020403 潞县 上党 并州 小型县城 4
322 2938 2963                         1 1 1 1 1 1 1 1 1 1 1 1 1 3 3 3 3 3 3 3 3 3 3 3 2 2
323 2937 2964                      1 1 1 1 1 1 1 1 1 1 1 1 1 1 1 3 3 3 3 3 3 3 3 3 3 2 2 5
324 2936 2965                   1 1 1 1 1 1 1 1 1 1 1 1 1 1 1 1 1 3 3 3 3 3 3 3 3 3 3 2 2 5
325 2934 2966             1 1 1 1 1 1 1 1 1 1 1 1 1 1 1 1 1 1 1 3 3 3 3 3 3 3 3 3 1 2 2 5 5
326 2933 2967          1 1 1 1 1 1 1 1 1 1 1 1 1 1 1 1 1 1 1 1 1 3 3 3 3 3 3 3 1 1 2 2 1 1 1
327 2932 2968       1 1 1 1 1 1 1 1 1 1 1 1 1 1 1 1 1 1 1 1 1 1 1 1 1 3 3 5 1 1 1 2 2 2 2 2 2
328 2931 2969    1 1 1 1 1 1 1 1 1 1 1 1 1 1 1 1 1 1 1 1 1 1 1 1 1 1 1 1 1 1 1 1 1 2 2 2 2 2 2
329 2945 2970                                              1 1 1 1 1 1 1 1 1 1 1 1 1 1 1 1 1 1 1 1 1 1 1 1 1 1
330 2945 2971                                              1 1 1 1 1 1 1 1 1 1 1 1 1 1 1 1 1 1 1 1 1 1 1 1 1 1 1
331 2946 2972                                                 1 1 1 1 1 1 4 4 4 4 4 1 1 1 1 1 1 1 1 1 1 1 1 1 1 1 1
332 2946 2972                                                 1 1 1 1 1 1 4 6 6 6 4 1 1 1 1 1 1 1 1 1 1 1 1 1 1 1 1
333 2947 2972                                                    1 1 1 1 1 4 6 7 6 4 1 1 1 1 1 1 1 1 1 1 1 1 1 1 1 1
334 2947 2972                                                    1 1 1 1 1 4 6 6 6 4 1 1 1 1 1 1 1 1 1 1 1 1 1 1 1 1
335 2948 2972                                                       1 1 1 1 4 4 4 4 4 1 1 1 1 1 1 1 1 1 1 1 1 1 1 1 1
336 2948 2972                                                       1 1 1 1 1 1 1 1 1 1 1 1 1 1 1 1 1 1 1 1 1 1 1 1 1
337 2949 2969                                                          1 1 1 1 1 1 1 1 1 1 1 1 1 1 1 1 1 1 1 1 1
338 2949 2966                                                          1 1 1 1 1 1 1 1 1 1 1 1 1 1 1 1 1 1
339 2950 2963                                                             1 1 1 1 1 1 1 1 1 1 1 1 1 1
340 2950 2960                                                             1 1 1 1 1 1 1 1 1 1 1
341 2951 2957                                                                1 1 1 1 1 1 1
342 2952 2954                                                                   1 1 1
