#第一行名字内容，以后每行为高度 起始宽度 终止宽度 地域类型
1020412 壶口 上党 并州 小型县城 4
322 2990 3000                                                                                                                                      5 5 5 5 5 5 5 5 5 5 5
323 2989 3000                                                                                                                                   5 5 5 5 5 5 5 5 5 5 5 5
324 2987 3000                                                                                                                             5 5 5 5 5 5 5 5 5 5 5 5 5 5
325 2985 3000                                                                                                                       5 5 5 5 5 5 5 5 5 5 5 5 5 5 5 5
326 2983 3000                                                                                                                 1 1 5 5 5 5 5 5 5 5 5 5 5 5 5 5 5 5
327 2981 3000                                                                                                           1 1 1 1 5 5 5 5 5 5 5 5 5 5 5 5 5 5 5 5
328 2979 3000                                                                                                     2 1 1 1 1 1 1 1 5 5 5 5 5 5 5 5 5 5 5 5 5 5
329 2977 3000                                                                                               2 2 2 2 2 2 2 2 2 2 2 2 2 5 5 5 5 5 5 5 5 5 5 5
330 2975 3000                                                                                         1 1 1 1 1 2 2 2 2 2 2 2 2 2 2 2 2 2 2 2 2 2 2 2 2 5
331 2974 3000                                                                                      1 1 1 1 1 1 1 1 1 1 1 1 1 1 5 5 2 2 2 2 2 2 2 2 2 2 2
332 2973 3000                                                                                   1 1 1 1 1 1 1 1 1 1 1 1 1 1 5 5 5 5 5 5 5 5 5 5 5 5 5 2
333 2973 3000                                                                                   1 1 1 1 1 1 1 1 1 1 1 1 1 1 5 5 5 5 5 5 5 5 5 5 5 5 5 5
334 2973 2999                                                                                   1 1 1 1 1 1 1 1 1 1 1 1 1 1 5 5 5 5 5 5 5 5 5 5 5 5 5
335 2973 2999                                                                                   1 1 1 1 1 1 1 1 1 1 1 1 1 1 1 5 5 5 5 5 5 5 5 5 5 5 5
336 2973 2999                                                                                   1 1 1 1 1 1 1 1 1 1 1 1 1 1 1 5 5 5 5 5 5 5 5 5 5 5 5
337 2970 2999                                                                          1 1 1 1 1 1 1 1 1 1 1 1 1 1 1 1 1 1 5 5 5 5 5 5 5 5 5 5 5 5
338 2967 2999                                                                 1 1 1 1 1 1 1 1 1 1 1 1 1 1 1 1 1 1 1 1 1 5 5 5 5 5 5 5 5 5 5 5 5
339 2964 2999                                                        1 1 1 1 1 1 1 1 1 1 1 1 1 1 1 1 1 1 1 1 1 1 1 1 5 5 5 5 5 5 5 5 5 5 5 5
340 2961 2999                                               1 1 1 1 1 1 1 1 1 1 1 1 1 1 1 1 1 1 1 1 1 1 1 1 1 1 5 5 5 5 5 5 5 5 5 5 5 5 5
341 2958 2998                                      1 1 1 1 1 1 1 1 1 1 1 1 1 1 1 1 1 1 1 1 1 1 1 1 1 1 1 1 1 5 5 5 5 5 5 5 5 5 5 5 5
342 2955 2998                             1 1 1 1 1 1 1 1 1 1 1 1 1 1 1 1 1 1 1 1 1 1 1 1 1 1 1 1 1 1 1 1 5 5 5 5 5 5 5 5 5 5 5 5
343 2955 2998                             1 1 1 1 1 1 1 1 1 1 1 1 1 1 1 1 1 1 1 1 1 1 1 1 1 1 1 1 1 1 1 1 5 5 5 5 5 5 5 5 5 5 5 5
344 2956 2998                                1 1 1 1 1 1 1 1 1 1 1 1 1 1 1 1 1 1 1 1 1 1 1 1 1 1 1 1 1 1 1 1 5 5 5 5 5 5 5 5 5 5 5
345 2957 2998                                   1 1 1 1 1 1 1 1 1 1 1 1 1 1 1 1 1 1 1 1 1 1 1 1 1 1 1 1 1 1 1 5 5 5 5 5 5 5 5 5 5 5
346 2957 2998                                   1 1 1 1 1 1 1 1 1 1 1 1 1 1 1 1 1 4 4 4 4 4 1 1 1 1 1 1 1 1 1 1 5 5 5 5 5 5 5 5 5 5
347 2958 2998                                      1 1 1 1 1 1 1 1 1 1 1 1 1 1 1 1 4 6 6 6 4 1 1 1 1 1 1 1 1 1 1 5 5 5 5 5 5 5 5 5 5
348 2959 2998                                         1 1 1 1 1 1 1 1 1 1 1 1 1 1 1 4 6 7 6 4 1 1 1 1 1 1 1 1 1 1 5 5 5 5 5 5 5 5 5 5
349 2960 2998                                            1 1 1 1 1 1 1 1 1 1 1 1 1 1 4 6 6 6 4 1 1 1 1 1 1 1 1 1 1 5 5 5 5 5 5 5 5 5 5
350 2961 2998                                               1 1 1 1 1 1 1 1 1 1 1 1 1 4 4 4 4 4 1 1 1 1 1 1 1 1 1 1 5 5 5 5 5 5 5 5 5 5
351 2962 2999                                                  1 1 1 1 1 1 1 1 1 1 1 1 1 1 1 1 1 1 1 1 1 1 1 1 1 1 5 5 5 5 5 5 5 5 5 5 5 5
352 2963 2999                                                     1 1 1 1 1 1 1 1 1 1 1 1 1 1 1 1 1 1 1 1 1 1 1 1 1 5 5 5 5 5 5 5 5 5 5 5 5
353 2964 2999                                                        1 1 1 1 1 1 1 1 1 1 1 1 1 1 1 1 1 1 1 1 1 3 3 5 5 5 5 5 5 5 5 5 5 5 5 5
354 2965 2999                                                           1 1 1 1 1 1 1 1 1 1 1 1 1 1 1 1 1 1 3 3 3 5 5 5 5 5 5 5 5 5 5 5 5 5 5
355 2966 2999                                                              1 1 1 1 1 1 1 1 1 1 1 1 1 1 1 1 3 3 5 5 5 5 5 5 5 5 5 5 5 5 5 5 5 5
356 2967 2999                                                                 1 1 1 1 1 1 1 1 1 1 1 1 1 3 3 3 3 5 5 5 5 5 5 5 5 5 5 5 5 5 5 5 5
357 2967 2999                                                                 1 1 1 1 1 1 1 1 1 1 1 3 3 3 3 5 5 5 5 5 5 5 5 5 5 5 5 5 5 5 5 5 5
358 2967 2999                                                                 1 1 1 1 1 1 1 1 3 3 3 3 3 3 5 5 5 5 5 5 5 5 5 5 5 5 5 5 5 5 5 5 5
359 2967 2999                                                                 1 1 1 1 1 3 3 3 3 3 3 3 3 5 5 5 5 5 5 5 5 5 5 5 5 5 5 5 5 5 5 5 5
360 2970 2998                                                                          3 3 3 3 3 3 3 3 5 5 5 5 5 5 5 5 5 5 5 5 5 5 5 5 5 5 5 5 5
361 2972 2998                                                                                3 3 3 3 3 3 5 5 5 5 5 5 5 5 5 5 5 5 5 5 5 5 5 5 5 5 5
362 2974 2998                                                                                      3 3 5 5 5 5 5 5 5 5 5 5 5 5 5 5 5 5 5 5 5 5 5 5 5
363 2975 2998                                                                                         5 5 5 5 5 5 5 5 5 5 5 5 5 5 5 5 5 5 5 5 5 5 5 5
364 2976 2998                                                                                            5 5 5 5 5 5 5 5 5 5 5 5 5 5 5 5 5 5 5 5 5 5 5
365 2978 2998                                                                                                  5 5 5 5 5 5 5 5 5 5 5 5 5 5 5 5 5 5 5 5 5
366 2980 2998                                                                                                        5 5 5 5 5 5 5 5 5 5 5 5 5 5 5 5 5 5 5
367 2982 2998                                                                                                              5 5 5 5 5 5 5 5 5 5 5 5 5 5 5 5 5
368 2986 2998                                                                                                                          5 5 5 5 5 5 5 5 5 5 5 5 5
369 2989 2999                                                                                                                                   5 5 5 5 5 5 5 5 5 5 5
370 2992 2999                                                                                                                                            5 5 5 5 5 5 5 5
371 2995 2998                                                                                                                                                     5 5 5 5
372 2998 2998                                                                                                                                                              5
