#第一行名字内容，以后每行为高度 起始宽度 终止宽度 地域类型
1021007 垣县 河东 并州 小型县城 4
420 2867 2876                                        3 3 3 3 3 3 3 5 5 5
420 2883 2884                                                                                        5 5
421 2866 2876                                     3 3 3 3 3 3 3 5 5 5 5
421 2883 2884                                                                                        5 5
422 2865 2876                                  3 3 3 3 3 3 3 5 5 5 5 5
422 2883 2885                                                                                        5 5 5
423 2864 2877                               3 3 3 3 3 3 3 5 5 5 5 5 5 5
423 2882 2885                                                                                     5 5 5 5
424 2865 2877                                  3 3 3 3 3 3 3 5 5 5 5 5 5
424 2882 2886                                                                                     5 5 5 5 5
425 2864 2877                               3 3 3 3 3 3 3 5 5 5 5 5 5 5
425 2882 2887                                                                                     5 5 5 5 5 5
426 2863 2887                            3 3 3 3 3 3 3 5 5 5 5 5 5 5 5 5 5 5 5 5 5 5 5 5 5
427 2861 2888                      3 3 3 3 3 3 3 5 5 5 5 5 5 5 5 5 5 5 5 5 5 5 5 5 5 5 5 5
428 2859 2888                3 3 3 3 3 3 3 5 5 5 5 5 5 5 5 5 5 5 5 5 5 5 5 5 5 5 5 5 5 5
429 2858 2889             3 3 3 3 3 3 3 5 5 5 5 5 5 5 5 5 5 5 5 5 5 5 5 5 5 5 5 5 5 5 5 5
430 2857 2889          3 3 3 3 3 3 3 3 5 5 5 5 5 5 5 5 5 5 5 5 5 5 5 5 5 5 5 5 5 5 5 5 5
431 2856 2889       3 3 3 3 3 3 3 3 3 5 5 5 5 5 5 5 5 5 5 5 5 5 5 5 5 5 5 5 5 5 1 1 1 1
432 2855 2891    3 3 3 3 3 3 3 3 3 3 5 5 5 5 5 5 5 5 1 1 1 1 5 5 1 1 1 1 1 1 1 1 1 1 1 1 1
433 2854 2891 3 3 3 3 3 3 3 3 3 3 3 3 5 5 5 5 5 1 1 1 1 1 1 1 1 1 1 1 1 1 1 1 1 1 1 1 1 1
434 2855 2891    3 3 3 3 3 3 3 3 3 3 3 5 5 5 3 1 1 1 1 1 1 1 1 1 1 1 1 1 1 1 1 1 1 1 1 1 1
435 2856 2891       3 3 3 3 3 3 3 3 3 3 3 3 3 3 1 1 1 1 1 1 1 1 1 1 1 1 1 1 1 1 1 1 1 1 1 1
436 2857 2891          3 3 3 3 3 3 3 3 3 3 3 3 1 1 1 1 1 1 1 1 1 1 1 1 1 1 1 1 1 1 1 1 1 1 1
437 2858 2891             3 3 3 3 3 3 3 3 3 3 3 1 1 1 1 1 1 1 1 1 1 1 1 1 1 1 1 1 1 1 1 1 1 1
438 2859 2891                3 3 3 3 3 3 3 3 3 3 1 1 1 1 1 1 1 1 1 1 1 1 1 1 1 1 1 1 1 1 1 1 1
439 2860 2891                   3 3 3 3 3 3 3 3 3 1 1 1 1 1 1 1 1 1 1 1 1 1 1 1 1 1 1 1 1 1 1 1
440 2861 2891                      3 3 3 3 3 3 3 3 1 1 1 1 1 1 1 1 1 1 1 1 1 1 1 1 1 1 1 1 1 1 1
441 2862 2892                         3 3 3 3 3 3 3 1 1 1 1 1 1 1 1 1 1 1 1 1 1 1 1 1 1 1 1 1 1 1 1
442 2863 2892                            3 3 3 3 3 3 1 1 1 1 1 1 1 4 4 4 4 4 1 1 1 1 1 1 1 1 1 1 1 1
443 2864 2892                               3 3 3 3 3 1 1 1 1 1 1 1 4 6 6 6 4 1 1 1 1 1 1 1 1 1 1 1 1
444 2865 2892                                  3 3 3 3 1 1 1 1 1 1 1 4 6 7 6 4 1 1 1 1 1 1 1 1 1 1 1 1
445 2866 2892                                     3 3 1 1 1 1 1 1 1 1 4 6 6 6 4 1 1 1 1 1 1 1 1 1 1 1 1
446 2867 2892                                        3 1 1 1 1 1 1 1 1 4 4 4 4 4 1 1 1 1 1 1 1 1 1 1 1 1
447 2867 2891                                        3 1 1 1 1 1 1 1 1 1 1 1 1 1 1 1 1 1 1 1 1 1 1 1 1
448 2867 2891                                        3 1 1 1 1 1 1 1 1 1 1 1 1 1 1 1 1 1 1 1 1 1 1 1 1
449 2867 2891                                        3 1 1 1 1 1 1 1 1 1 1 1 1 1 1 1 1 1 1 1 1 1 1 1 1
450 2867 2891                                        3 1 1 1 1 1 1 1 1 1 1 1 1 1 1 1 1 1 1 1 1 1 1 1 1
451 2867 2890                                        3 1 1 1 1 1 1 1 1 1 1 1 1 1 1 1 1 1 1 1 1 1 1 1
452 2867 2890                                        3 1 1 1 1 1 1 1 1 1 1 1 1 1 1 1 1 1 1 1 1 1 1 1
453 2867 2890                                        3 1 1 1 1 1 1 1 1 1 1 1 1 1 1 1 1 1 1 1 1 1 1 1
454 2867 2890                                        1 1 1 1 1 1 1 1 1 1 1 1 1 1 1 1 1 1 1 1 1 1 1 1
455 2867 2890                                        1 1 1 1 1 1 1 1 1 1 1 1 1 1 1 1 1 1 1 1 1 1 1 1
456 2867 2889                                        1 1 1 1 1 1 1 1 1 1 1 1 1 1 1 1 1 1 1 1 1 1 1
457 2867 2889                                        1 1 1 1 1 1 1 1 1 1 1 1 1 1 1 1 2 2 2 2 2 2 2
458 2867 2889                                        1 1 1 1 1 1 1 1 1 1 1 1 1 1 1 2 2 2 2 2 2 2 2
459 2867 2889                                        1 1 1 1 1 1 1 1 1 1 1 1 1 1 2 2 2 2 2 2 2 2 2
460 2867 2889                                        1 1 1 1 1 1 1 1 1 1 1 1 1 2 2 2 2 2 2 2 2 2 2
461 2867 2882                                        1 1 1 1 1 1 1 1 1 1 1 1 2 2 2 2
462 2867 2881                                        1 1 1 1 1 1 1 1 1 1 1 2 2 2 2
463 2868 2880                                           1 1 1 1 1 1 1 1 1 2 2 2 2
464 2868 2879                                           1 1 1 1 1 1 1 1 2 2 2 2
465 2869 2878                                              1 1 1 1 1 1 2 2 2 2
466 2869 2877                                              1 1 1 1 1 2 2 2 2
467 2870 2876                                                 1 1 1 2 2 2 2
468 2870 2875                                                 1 1 2 2 2 2
469 2870 2874                                                 1 2 2 2 2
470 2870 2873                                                 2 2 2 2
471 2870 2872                                                 2 2 2
472 2870 2871                                                 2 2
473 2870 2870                                                 2
