#第一行名字内容，以后每行为高度 起始宽度 终止宽度 地域类型
1020205  马城 云中 并州 大型县城 6
1 3021 3023                                                                 1 1 1
2 3020 3025                                                              1 1 1 1 1 1
3 3020 3027                                                              1 1 1 1 1 1 1 1
4 3019 3029                                                           1 1 1 1 5 5 5 5 5 5 1
5 3019 3032                                                           5 5 5 5 5 5 5 5 5 5 5 5 5 5
6 3019 3034                                                           5 5 5 5 5 5 5 5 5 5 5 5 5 5 5 5
7 3018 3035                                                        5 5 5 1 1 1 1 1 1 1 1 1 1 1 5 5 5 5
8 3018 3036                                                        5 1 1 1 1 1 1 1 1 1 1 1 1 1 1 1 1 1 5
9 3018 3037                                                        5 5 1 1 1 1 1 1 1 1 1 1 1 1 1 1 2 2 2 2
10 3018 3038                                                      5 5 1 1 1 1 1 1 1 1 1 1 1 1 1 2 2 2 2 1 1
11 3018 3039                                                      3 1 1 1 1 1 1 1 1 1 1 1 1 1 2 2 2 2 1 1 1 1
12 3017 3040                                                   3 3 1 1 1 1 1 1 1 1 1 1 1 1 2 2 2 2 1 1 1 1 1 1
13 3017 3041                                                   3 1 1 1 1 1 1 1 1 1 1 1 1 2 2 2 2 1 1 1 1 1 1 1 1
14 3016 3041                                                3 3 1 1 1 1 1 1 1 1 1 1 2 2 2 2 2 1 1 1 1 1 1 1 1 1
15 3015 3042                                             3 3 1 1 1 1 1 1 1 1 1 1 2 2 2 2 2 1 1 1 1 1 1 1 1 1 1 1
16 3013 3042                                       3 3 3 1 1 1 1 1 1 1 1 1 2 2 2 2 2 2 1 1 1 1 1 1 1 1 1 1 1 1
17 3011 3043                                 3 3 3 1 1 1 1 1 1 1 1 1 1 2 2 2 2 2 2 1 1 1 1 1 1 1 1 1 1 1 1 1 1
18 3009 3043                           3 3 3 1 1 1 1 1 1 1 1 1 1 2 2 2 2 2 2 1 1 1 1 1 1 1 1 1 1 1 1 3 3 1 1
19 3007 3043                     3 3 3 3 1 1 1 1 1 1 1 1 1 1 2 2 2 2 2 2 1 1 1 1 1 1 1 1 1 1 1 1 1 3 3 3 1
20 3006 3043                  3 3 3 3 1 1 1 1 1 1 1 1 1 1 2 2 2 2 2 2 1 1 1 1 1 1 1 1 1 1 1 1 1 1 3 3 3 3 
21 3006 3044                  1 1 1 1 1 1 1 1 1 1 1 1 2 2 2 2 2 2 2 1 1 1 1 1 1 1 1 1 1 1 1 1 1 1 1 3 3 3 1 
22 3006 3045                  1 1 1 1 1 1 1 1 1 1 2 2 2 2 2 2 2 2 2 1 1 1 1 1 1 1 1 1 1 1 1 1 1 1 1 1 3 3 3 1 
23 3006 3046                  1 1 1 1 1 1 1 1 1 2 2 2 2 2 2 2 2 2 1 1 1 1 1 1 1 1 1 1 1 1 1 1 1 1 1 1 1 1 1 1 1 
24 3006 3047                  1 1 1 1 1 1 1 1 2 2 2 2 2 2 2 2 2 2 1 1 1 1 1 1 1 1 1 1 1 1 1 1 1 1 1 1 1 1 1 1 1 1 
25 3006 3049                  1 1 1 1 1 1 1 2 2 2 2 2 2 2 2 2 2 1 1 1 1 1 1 1 1 1 1 1 1 1 1 1 1 1 1 1 1 1 1 1 1 1 1 1 
26 3006 3051                  1 1 1 1 1 1 2 2 2 2 2 2 2 2 2 2 1 1 1 1 1 1 1 1 1 1 1 1 1 1 1 1 1 1 3 3 3 3 1 1 1 1 1 1 1 1 
27 3005 3053               1 1 1 1 1 1 2 2 2 2 2 2 2 2 2 2 1 1 1 1 1 1 1 1 1 1 1 1 1 1 1 1 3 3 3 3 3 3 3 3 3 3 3 3 3 1 1 1 1 
28 3005 3055               1 1 1 1 1 2 2 2 2 2 2 2 2 2 1 1 1 1 1 1 1 1 1 1 1 1 1 1 3 3 3 3 3 3 3 3 3 3 3 3 3 3 3 3 3 3 3 3 3 3 3 
29 3005 3057               1 1 1 1 2 2 2 2 2 2 2 2 2 1 1 1 1 1 1 1 1 1 1 1 1 1 1 3 3 3 3 3 3 3 3 3 3 3 3 3 3 3 3 3 3 3 3 3 3 3 3 3 3
30 3005 3057               1 1 1 2 2 2 2 2 2 2 2 1 1 1 1 1 1 1 1 1 1 1 1 1 1 1 1 1 3 3 3 3 3 3 3 3 3 3 3 3 3 3 3 3 3 3 3 3 3 3 3 3 3 
31 3005 3056               1 1 2 2 2 2 2 2 2 1 1 1 1 1 1 1 1 1 1 1 1 1 1 1 1 1 1 1 1 1 1 1 1 3 3 3 3 3 1 1 1 1 1 1 1 1 3 3 3 3 1 3 
32 3005 3056               1 2 2 2 2 2 2 2 1 1 1 1 1 1 4 4 4 4 4 1 1 1 1 1 1 1 1 1 1 1 1 1 1 1 1 1 1 1 1 1 1 1 1 1 1 1 1 1 1 1 3 3 
33 3005 3055               2 2 2 2 2 2 1 1 1 1 1 1 1 1 4 6 6 6 4 1 1 1 1 1 1 1 1 1 1 1 1 1 1 1 1 1 1 1 1 1 1 1 1 1 1 1 1 1 1 1 3 
34 3005 3053               2 2 2 2 1 1 1 1 1 1 1 1 1 1 4 6 7 6 4 1 1 1 1 1 1 1 1 1 1 1 1 1 1 1 1 1 1 1 1 1 1 1 1 3 3 3 3 3 1 
35 3005 3051               2 2 2 1 1 1 1 1 1 1 1 1 1 1 4 6 6 6 4 1 1 1 1 1 1 1 1 1 1 1 1 1 1 1 1 1 1 3 3 3 3 3 3 3 3 3 3 
36 3005 3050               2 1 1 1 1 1 1 1 1 1 1 1 1 1 4 4 4 4 4 1 1 1 1 1 1 1 1 1 1 1 1 1 1 1 1 1 3 3 3 3 3 3 3 3 3 3 
37 3005 3048               1 1 1 1 1 1 1 1 1 1 1 1 1 1 1 1 1 1 1 1 1 1 1 1 1 1 1 1 1 1 1 1 1 1 3 3 3 3 3 3 3 3 3 3 3 
38 3006 3046                  1 1 1 1 1 1 1 1 1 1 1 1 1 1 1 1 1 1 1 1 1 1 1 1 1 1 1 1 1 1 1 1 3 3 3 3 3 3 3 3 3 
39 3006 3044                  1 1 1 1 1 1 1 1 1 1 1 1 1 1 1 1 1 1 1 3 3 1 1 1 1 1 1 1 1 1 1 3 3 3 3 3 3 3 3 
40 3006 3043                  1 1 1 1 1 1 1 1 1 1 1 1 1 1 1 3 3 3 3 3 3 3 1 1 1 1 1 1 1 1 3 3 3 3 3 3 3 3 
41 3006 3040                  1 1 1 1 1 1 1 1 1 1 1 1 3 3 3 3 3 3 3 3 3 3 3 3 3 3 1 1 1 1 3 3 3 3 3 3 
42 3008 3037                        1 1 1 1 1 1 1 1 1 3 3 3 3 3 3 3 3 3 3 3 3 3 3 3 3 3 3 3 3 3 
43 3010 3034                              1 1 1 1 1 1 1 1 1 1 3 3 3 3 3 3 3 3 3 3 3 3 3 3 3 
44 3012 3031                                    1 1 1 1 1 1 1 1 1 1 3 3 3 3 3 3 3 3 3 3 
45 3014 3029                                          1 1 1 1 1 1 1 1 1 1 3 3 3 3 3 3 
46 3015 3027                                             1 1 1 1 1 1 1 1 1 1 3 3 3 
47 3016 3025                                                2 2 2 1 1 1 1 1 1 1 
48 3017 3023                                                   2 2 2 2 1 1 1 
49 3018 3021                                                      2 2 2 2 
50 3019 3019                                                         2 
