#第一行名字内容，以后每行为高度 起始宽度 终止宽度 地域类型
1020704 汾阳 雁门 并州 小型县城 4
159 2899 2902                                                                                                                            5 5 5 5
160 2896 2902                                                                                                                   3 3 5 5 5 5 5
161 2893 2902                                                                                                          1 3 3 3 3 5 5 5 5 5
162 2890 2902                                                                                                 3 2 2 1 3 3 3 3 5 5 5 5 5
163 2887 2902                                                                                        3 3 3 3 2 2 1 3 3 3 3 3 5 5 5 5
164 2884 2903                                                                               3 3 3 3 3 3 2 2 1 3 3 3 3 3 3 3 5 5 5 5
165 2872 2872                                           5
165 2882 2904                                                                         3 3 3 3 3 3 3 3 2 2 1 3 3 3 5 5 5 5 5 5 5 5 5          
166 2872 2873                                           5 5                                                          
166 2880 2902                                                                   3 3 3 3 3 3 3 1 1 2 2 1 1 3 3 5 5 5 5 5 5 5 5
167 2872 2874                                           5 5 5
167 2878 2900                                                             3 3 3 3 3 3 3 1 1 1 2 2 1 1 1 3 5 5 5 5 5 5 5
168 2872 2898                                           5 5 5 5 3 3 3 3 1 3 3 1 1 1 1 2 2 1 1 1 5 5 5 5 5 5 5
169 2872 2896                                           5 5 5 5 1 1 1 1 2 2 2 2 2 2 2 2 1 1 5 5 5 5 5 5 5
170 2872 2895                                           5 5 1 1 1 1 2 2 2 2 2 2 2 2 2 1 1 5 5 5 5 5 5 5
171 2872 2895                                           1 1 1 1 1 2 2 2 1 1 1 1 1 1 1 1 1 5 5 5 5 5 5 5
172 2872 2895                                           1 1 1 1 2 2 1 1 1 1 4 4 4 4 4 1 1 5 5 5 5 5 5 5
173 2872 2894                                           1 1 1 1 2 2 1 1 1 1 4 6 6 6 4 1 1 5 5 1 1 1 1
174 2873 2894                                              1 1 1 2 2 1 1 1 1 4 6 7 6 4 1 1 1 1 2 2 2 2
175 2874 2893                                                 1 1 2 2 1 1 1 1 4 6 6 6 4 1 1 1 2 2 2 2
176 2874 2893                                                 1 1 2 2 1 1 1 1 4 4 4 4 4 1 1 3 3 3 3 3
177 2873 2893                                              1 1 1 2 2 1 1 1 1 1 1 1 1 1 1 3 3 3 3 3 3
178 2872 2892                                           1 1 1 2 2 1 1 1 1 1 1 1 1 1 1 1 3 3 3 3 3
179 2872 2892                                           1 1 1 2 2 1 1 1 1 1 1 1 1 1 1 1 3 3 3 3 3
180 2872 2891                                           1 1 2 2 1 1 1 1 1 1 1 1 1 1 1 1 3 3 3 3
181 2872 2891                                           1 1 2 2 1 1 1 1 1 1 1 1 1 1 1 3 3 3 3 3
182 2872 2891                                           1 1 2 2 1 1 1 1 1 1 1 1 1 1 3 3 3 3 3 3
183 2872 2891                                           1 1 2 2 1 1 1 1 1 1 1 1 1 3 3 3 3 3 3 3
184 2873 2889                                              2 2 1 1 1 1 1 1 1 1 3 3 3 3 3 3 3
185 2875 2887                                                    1 1 1 1 1 1 1 3 3 3 3 3 3
186 2876 2887                                                       1 1 1 1 1 1 3 3 3 3 3 3
187 2877 2887                                                          1 1 1 1 3 3 3 3 3 3 3
188 2878 2887                                                             1 1 1 3 3 3 3 3 3 3
189 2880 2887                                                                   3 3 3 3 3 3 3 3
190 2882 2887                                                                         3 3 3 3 3 3
191 2884 2887                                                                               3 3 3 3
192 2886 2887                                                                                     3 3
