#第一行名字内容，以后每行为高度 起始宽度 终止宽度 地域类型
1020305 阙宇 乐平 并州 小型县城 4
244 2937 2958                 3 3 3 3 3 3 3 3 3 3 3 3 3 3 3 3 3 3 3 3 3 3
245 2937 2958                 3 3 3 3 3 3 3 3 3 3 3 3 3 3 3 3 3 3 3 3 3 3
246 2936 2958              3 3 3 3 3 3 3 3 3 3 3 3 3 3 3 3 3 3 3 3 3 3 3
247 2936 2957              3 3 3 3 3 3 3 3 3 3 3 3 3 3 3 3 3 3 3 3 3 3
248 2936 2957              3 3 3 3 3 3 3 3 3 3 3 3 3 3 3 3 3 3 3 3 3 3
249 2936 2957              3 3 3 3 3 3 3 3 3 3 3 3 3 3 3 3 3 3 3 3 3 3
250 2937 2957                 3 3 3 3 3 3 3 3 3 3 3 3 3 3 3 3 3 3 3 3 3
251 2937 2957                 3 3 3 3 3 3 3 3 3 3 3 3 3 3 3 3 3 3 3 3 3
252 2937 2957                 3 3 3 3 3 3 3 3 3 3 3 3 3 3 3 3 3 3 3 3 3
253 2938 2957                    3 3 3 3 3 3 3 3 3 3 3 3 3 3 3 3 3 3 3 3
253 2968 2971                                                                                                              3 3 3 1
254 2938 2959                    3 3 3 3 3 3 3 3 3 3 3 3 3 3 3 3 3 3 3 3 3 3
254 2966 2974                                                                                                        3 3 3 3 3 1 3 3 3
255 2938 2962                    3 3 3 3 3 3 3 3 3 3 3 3 3 3 3 3 3 3 3 3 3 3 3 3 3
255 2964 2982                                                                                                  3 3 3 3 3 3 3 1 3 3 3 3 3 3 3 3 3 3 3
256 2939 2984                       3 3 3 3 3 3 3 3 3 3 3 3 3 3 3 3 3 3 3 3 3 3 3 3 3 3 3 3 3 3 3 1 1 3 3 3 3 3 3 3 3 3 3 3 3 3
257 2939 2986                       3 3 3 3 3 3 3 3 3 3 3 3 3 3 3 3 3 3 3 3 3 3 3 3 3 3 3 3 3 3 3 1 3 3 3 3 3 3 3 3 3 3 3 3 3 3 3 3
258 2939 2989                       3 3 3 3 3 3 3 3 3 3 3 3 3 3 3 3 3 3 3 3 3 3 3 3 3 3 3 3 3 3 1 1 3 3 3 3 3 3 3 3 3 3 3 3 3 3 3 3 3 3 3
259 2940 2992                          3 3 3 3 3 3 3 3 3 3 3 3 3 3 3 3 3 3 3 3 3 3 3 3 3 3 3 3 1 1 1 1 1 1 1 1 1 3 3 3 3 3 3 3 3 3 3 3 3 3 3 3 3
260 2940 3000                          3 3 3 3 3 3 3 3 3 3 3 3 3 3 3 3 3 3 3 3 3 3 3 3 3 1 1 1 1 1 1 1 1 1 1 1 1 1 3 3 3 3 3 3 3 3 3 3 3 3 3 3 3 3 3 5 5 5 5 5 5
261 2940 3000                          3 3 3 3 3 3 3 3 3 3 3 3 3 3 3 3 3 3 3 3 3 3 3 1 1 1 1 1 1 1 1 1 1 1 1 1 1 1 1 1 3 3 3 3 3 3 3 3 3 3 3 3 3 3 5 5 5 5 5 5 5
262 2941 3000                             3 3 3 3 3 3 3 3 3 3 3 3 3 3 3 3 3 3 3 3 3 1 1 1 1 1 1 1 1 1 1 1 1 1 1 2 2 2 2 2 2 2 3 3 3 3 3 3 3 3 3 3 5 5 5 5 5 5 5 5
263 2941 3000                             3 3 3 3 3 3 3 3 3 3 3 3 3 3 3 3 3 3 3 3 3 1 1 1 1 1 1 1 4 4 4 4 4 1 1 2 2 2 2 2 2 2 2 2 2 2 3 3 3 3 3 3 5 5 5 5 5 5 5 5
264 2941 3000                             3 3 3 3 3 3 3 3 3 3 3 3 3 3 3 3 3 3 3 3 3 1 1 1 1 1 1 1 4 6 6 6 4 1 1 1 1 1 1 1 1 3 2 2 2 2 2 2 2 2 3 3 5 5 5 5 5 5 5 5
265 2941 2958                             3 3 3 3 3 3 3 3 3 3 3 3 3 3 3 3 3 3 
265 2960 3000                                                                                      3 3 3 1 1 1 1 1 1 4 6 7 6 4 1 1 1 1 1 1 1 1 1 3 3 3 3 2 2 2 2 2 2 2 2 5 5 5 5 5 5
266 2941 2956                             3 3 3 3 3 3 3 3 3 3 3 3 3 3 3 3 
266 2965 3000                                                                                                     1 1 1 1 4 6 6 6 4 1 1 1 1 1 1 1 1 1 1 1 3 3 3 3 3 3 2 2 2 2 5 5 5 5 5 5
267 2941 2954                             3 3 3 3 3 3 3 3 3 3 3 3 3 3
267 2969 3000                                                                                                                 4 4 4 4 4 1 1 1 1 1 1 1 1 1 3 3 3 3 3 3 3 3 3 5 2 2 5 5 5 5 5 5
268 2941 2951                             3 3 3 3 3 3 3 3 3 3 3
268 2973 3000                                                                                                                             1 1 1 1 1 1 1 1 1 3 3 3 3 3 3 3 3 3 5 5 2 2 5 5 5 5 5 5
269 2941 2948                             3 3 1 1 1 3 3 3
269 2977 3000                                                                                                                                         1 1 1 1 1 3 3 3 3 3 3 3 3 3 5 5 2 2 5 5 5 5 5 5
270 2942 2945                                1 1 3 1
270 2981 3000                                                                                                                                                     3 3 3 3 3 3 3 3 3 3 5 5 2 2 5 5 5 5 5 5
271 2985 3000                                                                                                                                                                 3 3 3 3 3 3 5 5 5 2 2 5 5 5 5 5
