#第一行名字内容，以后每行为高度 起始宽度 终止宽度 地域类型
1020208 崞县 云中 并州 小型县城 4
74 2981 3009                                                                              3 3 3 3 3 5 5 5 5 5 5 5 5 5 5 5 5 5 5 5 5 5 5 5 5 5 3 3 3
75 2980 3009                                                                           3 3 3 3 3 3 3 3 3 3 3 3 3 3 3 3 3 3 3 3 3 3 3 5 3 3 3 3 3 3
76 2979 3009                                                                        3 3 3 3 1 1 1 1 1 1 1 1 1 1 1 1 1 1 1 1 1 1 3 3 3 1 3 1 3 1 3
77 2978 3009                                                                     1 1 1 1 1 1 1 1 1 1 1 1 1 1 1 1 1 1 1 1 1 1 1 1 1 1 1 1 1 1 1 1
78 2977 3009                                                                  1 1 1 1 1 1 1 1 1 1 1 1 1 1 1 1 1 1 1 1 1 1 1 1 1 1 1 1 1 1 1 1 1
79 2976 3010                                                               1 1 1 1 1 1 1 1 1 1 1 1 1 1 1 1 1 1 1 1 1 1 1 1 1 1 1 1 1 1 1 1 1 1 1
80 2974 3010                                                         1 1 1 1 1 1 1 1 1 1 1 1 1 1 1 1 1 1 1 1 1 1 1 1 1 1 1 1 1 1 1 1 1 1 1 1 1
81 2973 3011                                                      1 1 1 1 1 1 1 2 2 2 2 2 2 1 1 1 1 1 1 1 1 1 1 1 1 1 1 1 1 1 1 1 1 1 1 1 1 1 1
82 2971 3012                                                1 1 1 1 1 2 2 2 2 2 2 2 2 2 2 2 2 2 1 1 1 1 1 1 1 1 1 1 1 1 1 1 1 1 1 1 1 1 1 3 3 3 
83 2970 3013                                             1 1 1 2 2 2 2 2 2 2 1 1 1 1 1 1 2 2 2 1 1 1 1 1 4 4 4 4 4 1 1 1 1 1 1 1 1 1 1 1 5 5 5 5
84 2969 3014                                          2 2 2 2 2 2 2 1 1 1 1 1 1 1 1 1 1 2 2 2 1 1 1 1 1 4 6 6 6 4 1 1 1 1 1 1 1 1 1 1 1 3 5 5 5 5
85 2968 3014                                       2 2 2 2 2 1 1 1 1 1 1 1 1 1 1 1 1 1 2 2 2 1 1 1 1 1 4 6 7 6 4 1 1 1 1 1 1 1 1 1 1 3 3 5 5 5 5
86 2969 3013                                          1 1 1 1 1 1 1 1 1 1 1 1 1 1 1 1 1 1 2 2 1 1 1 1 1 4 6 6 6 4 1 1 1 1 1 1 1 1 1 1 3 5 5 5 5
87 2970 3012                                             1 1 1 1 1 1 1 1 1 1 1 1 1 1 1 1 1 2 2 1 1 1 1 1 4 4 4 4 4 1 1 1 1 1 1 1 1 1 3 5 5 5 5
88 2971 3011                                                1 1 1 1 1 1 1 1 1 1 1 1 1 1 1 1 2 2 1 1 1 1 1 1 1 1 1 1 1 1 1 1 1 1 1 1 3 5 5 5 5
89 2971 3011                                                1 1 1 1 1 1 1 1 1 1 1 1 1 1 1 1 2 2 1 1 1 1 1 1 1 1 1 1 1 1 1 1 1 1 1 1 3 5 5 5 5
90 2971 3011                                                1 1 1 1 1 1 1 1 1 1 1 1 1 1 1 1 2 2 1 1 1 1 1 1 1 1 1 1 1 1 1 1 1 1 1 1 3 5 5 5 5
91 2971 3011                                                1 1 1 1 1 1 1 1 1 1 1 1 1 1 1 1 2 2 1 1 1 1 1 1 1 1 1 1 1 1 1 1 1 1 1 1 3 5 5 5 5
92 2971 3011                                                1 1 1 1 1 1 1 1 1 1 1 1 1 1 1 1 2 2 1 1 1 1 1 1 1 1 1 1 1 1 1 1 1 1 1 1 3 5 5 5 5
93 2973 3010                                                      1 1 1 1 1 1 1 1 1 1 1 1 1 2 2 1 1 1 1 1 1 1 1 1 1 1 1 1 1 1 1 1 1 3 5 5 5 5
94 2975 3009                                                            1 1 1 1 1 1 1 1 1 1 1 2 2 1 1 1 1 1 1 1 1 1 1 1 1 1 1 1 1 1 3 5 5 5 5
95 2975 3009                                                            1 1 1 1 1 1 1 1 1 1 1 2 2 1 1 1 1 1 1 1 1 1 1 1 1 1 1 1 1 1 3 5 5 5 5
96 2975 3009                                                            1 1 1 1 1 1 1 1 1 1 1 2 2 1 1 1 1 1 1 1 1 1 1 1 1 1 1 1 1 1 3 5 5 5 5
97 2975 3009                                                            1 1 1 1 1 1 1 1 1 1 1 2 2 1 1 1 1 1 1 1 1 1 1 1 1 1 1 1 1 1 3 5 5 5 5
98 2975 3009                                                            1 1 1 1 1 1 1 1 1 1 1 2 2 1 1 1 1 1 1 1 1 1 1 1 1 1 1 1 1 1 3 5 5 5 5
99 2975 3009                                                            1 1 1 1 1 1 1 1 1 1 1 2 2 1 1 1 1 1 1 1 1 1 1 1 1 1 1 1 1 1 3 5 5 5 5
100 2977 3009                                                                  1 1 1 1 1 1 1 1 2 2 1 1 1 1 1 1 1 1 1 1 1 1 1 5 5 5 5 5 5 5 5 5 5
101 2978 3008                                                                     1 1 1 1 1 1 1 2 2 1 1 1 1 1 1 1 1 1 1 1 1 5 5 5 5 5 5 5 5 5 5
102 2978 3008                                                                     1 1 1 1 1 1 1 2 2 1 1 1 1 1 1 1 1 1 1 1 1 5 5 5 5 5 5 5 5 5 5
103 2979 3007                                                                        1 5 5 5 1 1 2 2 1 1 1 5 5 5 1 1 1 1 1 1 5 5 5 5 5 5 5 5 5
104 2979 3007                                                                        1 5 5 5 5 5 2 2 5 5 5 5 5 5 1 5 5 1 1 1 5 5 5 5 5 5 5 5 5
105 2980 3007                                                                           5 5 5 5 5 2 2 5 5 5 5 5 5 5 5 5 5 5 5 5 5 5 5 5 5 5 5 5
106 2981 3007                                                                              5 5 5 2 2 5 5 5 5 5 5 5 5 5 5 5 5 5 5 5 5 5 5 5 5 5 5
107 2981 3008                                                                              5 5 5 2 2 5 5 5 5 5 5 5 5 5 5 5 5 5 5 5 5 5 5 5 5 5 5 5
108 2981 3008                                                                              5 5 5 2 2 5 5 5 5 5 5 5 5 5 5 5 5 5 5 5 5 5 5 5 5 5 5 5
109 2981 3008                                                                            5 5 5 2 2 5 5 5 5 5 5 5 5 5 5 5 5 5 5 5 5 5 5 5 5 5 5 5
110 2985 3008                                                                                        5 5 5 5 5 5 5 5 5 5 5 5 5 5 5 5 5 5 5 5 5 5 5 5
111 2989 3008                                                                                                    5 5 5 5 5 5 5 5 5 5 5 5 5 5 5 5 5 5 5 5
112 2993 3007                                                                                                                5 5 5 5 5 5 5 5 5 5 5 5 5 5 5
113 2997 3007                                                                                                                            5 5 5 5 5 5 5 5 5 5 5
114 3001 3005                                                                                                                                        5 5 5 5 5
