#第一行名字内容，以后每行为高度 起始宽度 终止宽度 地域类型
1020102 榆次 太原 并州 副郡治 8
214 2921 2925                                            1 1 1 1 1
215 2921 2925                                            1 1 1 1 1
216 2921 2925                                            1 1 1 1 1
217 2920 2925                                         1 1 1 1 1 1
218 2920 2925                                         1 1 1 1 1 1
219 2920 2925                                         1 1 1 1 1 1
220 2919 2925                                      1 1 1 1 1 1 1
221 2919 2925                                      1 1 1 1 1 1 1
222 2919 2925                                      1 1 1 1 1 1 1
223 2918 2925                                   1 1 1 1 1 1 1 1
224 2918 2925                                   1 1 1 1 1 1 1 1
225 2918 2925                                   1 1 1 1 1 1 1 1
226 2918 2925                                   1 1 1 1 1 1 1 1
227 2917 2925                                1 1 1 1 1 1 1 1 1
228 2917 2925                                1 1 1 1 1 1 1 1 1
229 2916 2925                             1 1 1 1 1 1 1 1 1 1
230 2916 2930                             1 1 1 1 1 1 1 1 1 1 1 1 1 1 1
231 2915 2930                          1 1 1 1 1 1 1 1 1 1 1 1 1 1 1 1
232 2915 2931                          1 1 1 1 1 1 1 1 1 1 1 1 1 1 1 1 1
233 2914 2932                       1 1 1 1 1 4 4 4 4 4 1 1 1 1 1 1 1 1 1
234 2914 2933                       1 1 1 1 1 4 6 6 6 4 1 1 1 1 1 1 1 1 1 1
235 2913 2934                    1 1 1 1 1 1 4 6 7 6 4 1 1 1 1 1 1 1 1 1 1 1
236 2913 2935                    1 1 1 1 1 1 4 6 6 6 4 1 1 1 1 1 1 1 1 1 1 1 1
237 2913 2935                    1 1 1 1 1 1 4 4 4 4 4 1 1 1 1 1 1 1 1 1 1 1 1
238 2912 2936                 1 1 1 1 1 1 1 1 1 1 1 1 1 1 1 1 1 1 1 1 1 1 1 1 1
239 2911 2936              1 1 1 1 1 1 1 1 1 1 1 1 1 1 1 1 1 1 1 1 1 1 1 1 1 1
240 2910 2938           1 1 1 1 1 1 1 1 1 1 1 1 1 1 1 1 1 1 1 1 1 1 1 1 1 1 1 3 3
241 2920 2936                                         1 1 1 1 1 1 1 1 1 1 1 1 1 1 1 1 3
242 2921 2936                                            1 1 1 1 1 1 1 1 1 1 1 1 1 1 3 3
243 2921 2936                                            1 1 1 1 1 1 1 1 1 1 1 1 1 3 3 3
244 2925 2936                                                        1 1 1 1 1 1 1 1 3 3 3 3
245 2928 2936                                                                 1 1 1 1 3 3 3 3 3
246 2931 2935                                                                          3 3 3 3 3
247 2933 2935                                                                                3 3 3
