#第一行名字内容，以后每行为高度 起始宽度 终止宽度 地域类型
1020505 阳城 建兴 并州 小型县城 4
399 2897 2906                                                                 3 3 3 3 3 3 3 3 3 3
400 2897 2906                                                                 3 3 3 3 3 3 3 3 3 3        
401 2897 2906                                                                 3 3 3 3 3 3 3 3 3 3
402 2897 2906                                                                 3 3 3 3 3 3 3 3 3 3
403 2897 2906                                                                 3 3 3 3 3 3 3 3 3 3
404 2897 2906                                                                 3 3 3 3 3 3 3 3 3 3
405 2897 2906                                                                 3 3 3 3 3 3 3 3 3 3
406 2897 2906                                                                 3 3 3 3 3 3 3 3 3 3
407 2897 2907                                                                 3 3 3 3 3 3 3 3 3 3 3
408 2897 2907                                                                 3 3 3 3 3 3 3 3 3 3 3
409 2897 2907                                                                 3 3 3 3 3 3 3 3 3 3 3
410 2897 2907                                                                 3 3 3 3 3 3 3 3 3 3 3
411 2897 2907                                                                 3 3 3 3 3 3 3 3 3 3 3
412 2897 2908                                                                 3 3 3 3 3 3 3 3 3 3 3 3
413 2897 2908                                                                 3 3 3 3 3 3 3 3 3 3 3 3
414 2896 2915                                                              3 3 3 3 3 3 3 3 3 3 3 3 3 3 3 3 1 1 1 2
415 2895 2915                                                           3 3 3 3 3 3 3 3 3 3 3 3 3 3 3 3 3 1 1 1 2
416 2895 2915                                                           3 3 3 3 3 3 3 3 3 3 3 1 1 1 1 1 1 1 1 1 2
417 2894 2915                                                        3 3 3 3 3 3 3 3 3 1 1 1 1 1 1 1 1 1 1 1 1 2
418 2894 2915                                                        3 3 3 3 3 3 3 1 1 1 1 1 1 1 1 1 1 1 1 1 1 2
419 2893 2915                                                     3 3 3 3 3 3 1 1 1 1 1 1 1 1 1 1 1 1 1 1 1 1 2
420 2893 2915                                                     3 3 3 3 3 3 1 1 1 1 1 1 1 1 1 1 1 1 1 1 1 1 2
421 2892 2915                                                  3 3 3 3 3 3 3 1 1 1 1 1 1 1 1 1 1 1 1 1 1 1 1 2
422 2892 2915                                                  3 3 3 3 3 3 1 1 1 1 1 4 4 4 4 4 1 1 1 1 1 1 1 2
423 2891 2915                                               5 3 3 3 3 3 3 1 1 1 1 1 4 6 6 6 4 1 1 1 1 1 1 1 2
424 2891 2915                                               5 5 5 3 3 3 3 1 1 1 1 1 4 6 7 6 4 1 1 1 1 1 1 1 2
425 2890 2915                                            5 5 5 5 5 3 3 3 1 1 1 1 1 4 6 6 6 4 1 1 1 1 1 1 1 2
426 2888 2915                                      5 5 5 5 5 5 5 5 3 3 1 1 1 1 1 4 4 4 4 4 1 1 1 1 1 1 1 2
427 2889 2915                                         5 5 5 5 5 5 5 5 3 3 1 1 1 1 1 1 1 1 1 1 1 1 1 1 1 1 2
428 2889 2916                                         5 5 5 5 5 5 5 5 5 3 1 1 1 1 1 1 1 1 1 1 1 1 1 1 1 1 2 2         
429 2890 2916                                            5 5 5 5 5 5 5 5 5 5 5 1 1 1 1 1 1 1 1 1 1 1 1 1 1 1 2 
430 2890 2916                                            5 5 5 5 5 5 5 5 5 5 5 1 1 1 1 1 1 1 1 1 1 1 1 1 1 1 2
431 2890 2916                                            5 5 5 5 5 5 5 5 5 5 5 5 1 1 1 1 1 1 1 1 1 1 1 1 1 1 2
432 2892 2917                                                  5 5 5 5 5 5 5 5 5 5 1 1 1 1 1 1 1 1 1 1 1 1 1 1 2 2
433 2892 2917                                                  5 5 5 5 5 5 5 5 5 5 5 1 1 1 1 1 1 1 1 1 1 1 1 1 2 2
434 2892 2917                                                  5 5 5 5 5 5 5 5 5 5 5 5 1 1 1 1 1 1 1 1 1 1 1 1 2 2
435 2892 2917                                                  5 5 5 5 5 5 5 5 5 5 5 3 3 1 1 1 1 1 1 1 1 1 1 1 2 2
436 2892 2916                                                  5 5 5 5 5 5 5 5 5 5 5 3 3 3 1 1 1 1 1 1 1 1 1 1 2
437 2892 2916                                                  5 5 5 5 5 5 5 5 5 5 5 3 3 3 3 3 1 1 1 1 1 1 1 1 2
438 2892 2916                                                  5 5 5 5 5 5 5 5 5 5 5 3 3 3 3 3 3 3 3 3 1 3 3 1 2
439 2894 2916                                                        5 5 5 5 5 5 5 5 3 3 3 3 3 3 3 3 3 3 3 3 3 3 2
440 2900 2915                                                                          5 5 5 5 3 3 3 3 3 3 3 3 3 3 3 3
441 2905 2914                                                                                         3 3 3 3 3 3 3 3 3 3
442 2910 2913                                                                                                        3 3 3 3
