#第一行名字内容，以后每行为高度 起始宽度 终止宽度 地域类型
1020904 汾西 平阳 并州 小型县城 4
300 2851 2856                           3 3 3 3 3 3
301 2850 2856                        3 3 3 3 3 3 3
302 2850 2856                        3 3 3 3 3 3 3
303 2850 2857                        3 3 3 3 3 3 3 3
304 2850 2857                        3 3 3 3 3 3 3 3
305 2850 2857                        3 3 3 3 3 3 3 3
306 2850 2858                        3 3 3 3 3 3 3 3 3
307 2850 2858                        3 3 3 3 3 3 3 3 3
308 2850 2858                        3 3 3 3 3 3 3 3 3
309 2850 2859                        3 3 3 3 3 3 3 3 3 1
310 2850 2859                        3 3 3 3 3 3 3 3 1 1
311 2849 2859                     3 3 3 3 3 1 1 1 1 1 1
312 2849 2860                     3 3 3 3 1 1 1 1 1 1 1 2
313 2849 2860                     3 3 3 1 1 1 1 1 1 1 1 2
314 2849 2860                     3 3 3 1 1 4 4 4 4 4 2 2
315 2848 2861                  3 3 3 3 1 1 4 6 6 6 4 2 2 2
316 2848 2861                  3 3 3 3 1 1 4 6 7 6 4 2 2 2
317 2848 2861                  3 3 3 3 1 1 4 6 6 6 4 2 2 2
318 2847 2861               3 3 3 3 3 1 1 4 4 4 4 4 2 2 2
319 2847 2861               3 3 3 3 1 1 1 1 1 1 1 1 2 2 2
320 2850 2861                        3 1 1 1 1 1 1 1 1 2 2 2
321 2850 2861                        3 1 1 1 1 1 1 1 2 2 2 1
322 2850 2861                        3 3 1 1 1 1 1 1 2 2 2 1
323 2850 2861                        3 3 1 1 1 1 1 1 2 2 2 1
324 2850 2861                        3 3 1 1 1 1 1 1 2 2 2 1
325 2850 2861                        3 3 1 1 1 1 1 1 2 2 2 1
326 2850 2861                        3 3 1 1 1 1 1 1 2 2 2 1
327 2850 2861                        3 3 3 1 1 1 1 2 2 2 1 1
328 2850 2861                        3 3 3 1 1 1 1 2 2 2 1 1
329 2851 2861                           3 3 1 1 1 1 2 2 2 1 1
330 2856 2861                                          1 2 2 2 1 1
331 2857 2860                                             2 2 2 1
332 2858 2859                                                2 2
333 2858 2858                                                2
