#第一行名字内容，以后每行为高度 起始宽度 终止宽度 地域类型
1020702 宁武 雁门 并州 大型县城 6
123 2910 2914                                                                                                                         2 1 1 1 1
124 2906 2915                                                                                                             1 1 2 2 2 1 1 1 1 1         
125 2905 2915                                                                                                          1 1 2 2 2 1 1 1 1 1 1        
126 2904 2915                                                                                                       1 1 1 2 2 2 1 1 1 1 1 1        
127 2902 2915                                                                                                 1 1 1 1 1 2 2 2 1 1 1 1 1 1        
128 2901 2915                                                                                              1 1 1 1 1 2 2 2 1 1 1 1 1 1 1        
129 2899 2915                                                                                        5 1 1 1 1 1 2 2 1 1 1 1 1 1 1 1 1     
130 2898 2914                                                                                     5 5 1 1 1 1 1 2 2 1 1 1 1 1 1 1 1       
131 2897 2914                                                                                  5 1 1 1 1 1 1 2 2 1 1 1 1 1 1 1 5 5        
132 2896 2913                                                                               5 1 1 1 1 1 1 1 2 2 1 1 1 1 1 1 5 5       
133 2895 2912                                                                            5 1 1 1 1 1 1 1 1 2 2 1 1 1 1 5 5 5 
134 2893 2909                                                                      5 5 1 1 1 1 1 1 1 1 2 2 1 1 1 1 5
135 2892 2909                                                                   5 5 1 1 1 1 1 1 1 1 1 2 2 1 1 1 1 5
136 2891 2909                                                                5 5 1 1 1 1 1 1 1 1 1 2 2 1 1 1 1 5 5
137 2890 2909                                                             5 5 1 1 1 1 1 1 1 1 1 1 2 2 1 1 1 5 5 5
138 2889 2909                                                          5 5 1 1 1 1 1 1 1 1 1 1 2 2 1 1 1 5 5 5 5
139 2888 2909                                                       5 5 1 1 1 1 1 1 1 4 4 4 4 4 2 1 1 5 5 5 5 5
140 2887 2909                                                    5 5 1 1 1 1 1 1 1 1 4 6 6 6 4 1 1 1 5 5 1 5 1
141 2886 2909                                                 5 5 5 1 1 1 1 1 1 1 1 4 6 7 6 4 1 1 1 1 1 1 1 1
142 2885 2909                                              5 5 5 3 1 1 1 1 1 1 1 1 4 6 6 6 4 1 1 1 1 1 1 1 1
143 2884 2909                                           5 5 5 5 3 1 1 1 1 1 1 1 2 4 4 4 4 4 1 1 1 5 5 1 5 1
144 2883 2909                                        5 5 5 5 3 3 3 1 1 1 1 2 2 2 2 1 1 1 1 1 1 5 5 5 5 5 5
145 2882 2909                                     5 5 5 3 3 3 3 3 1 1 1 2 2 2 1 1 1 1 1 1 1 3 3 5 5 5 5 5
146 2881 2909                                  5 5 5 5 3 3 3 3 3 2 2 2 2 1 1 1 1 1 1 1 1 3 3 5 5 5 5 5 5
147 2880 2909                               5 5 5 5 3 3 3 3 2 2 2 2 2 2 1 1 1 1 1 1 1 3 3 3 5 5 5 5 5 5
148 2879 2909                            5 5 5 5 3 3 3 3 2 2 2 3 1 1 1 1 1 1 1 1 1 3 3 3 3 5 5 5 5 5 5
149 2878 2909                         5 5 5 5 3 3 3 3 2 2 3 3 1 1 1 1 1 1 1 1 1 3 3 3 5 5 5 5 5 5 5 5
150 2876 2909                   5 5 5 5 5 5 3 3 3 3 2 2 2 3 3 1 1 1 1 1 1 3 3 3 3 5 5 5 5 5 5 5 5 5
151 2874 2909             5 5 5 5 5 5 5 5 3 3 3 3 2 2 2 2 3 3 1 1 1 3 3 3 3 5 5 5 5 5 5 5 5 5 5 5
151 2914 2915                                                                                                                                     5 5
152 2872 2909       5 5 5 5 5 5 5 5 5 5 3 3 3 3 3 3 3 2 2 1 1 1 3 3 3 5 5 5 5 5 5 5 5 5 5 5 5 5
152 2913 2915                                                                                                                                  5 5 5 
153 2872 2915       5 5 5 5 5 5 5 5 5 5 3 3 3 3 3 3 3 2 2 1 1 3 3 3 3 5 5 5 5 5 5 5 5 5 5 5 5 5 5 5 5 5 5 5
154 2872 2915       5 5 5 5 5 5 5 5 5 5 3 3 3 3 3 3 3 2 2 1 1 3 3 3 3 5 5 5 5 5 5 5 5 5 5 5 5 5 5 5 5 5 5 5
155 2872 2915       5 5 5 5 5 5 5 5 5 5 3 3 3 3 3 3 3 3 2 2 1 3 3 3 3 5 5 5 5 5 5 5 5 5 5 5 5 5 5 5 5 5 5 5
156 2872 2915       5 5 5 5 5 5 5 5 5 3 3 3 3 3 3 3 3 3 2 2 1 3 3 3 3 5 5 5 5 5 5 5 5 5 5 5 5 5 5 5 5 5 5 5
157 2872 2915       5 5 5 5 5 5 5 5 5 3 3 3 3 3 3 3 3 3 2 2 1 3 3 3 3 5 5 5 5 5 5 5 5 5 5 5 5 5 5 5 5 5 5 5
158 2872 2915       5 5 5 5 5 5 5 5 5 3 3 3 3 3 3 3 3 3 2 2 1 3 3 3 3 5 5 5 5 5 5 5 5 5 5 5 5 5 3 5 3 5 3 5
159 2872 2898       5 5 5 5 5 5 5 5 3 3 3 3 3 3 3 3 3 3 3 2 2 1 3 3 3 5 5
159 2903 2914                                                                                                       5 5 5 5 5 5 3 3 3 3 3 3
160 2872 2895       5 5 5 5 5 5 5 5 3 3 3 3 3 3 3 3 3 3 3 2 2 1 3 3
160 2903 2912                                                                                                       5 5 5 5 3 3 3 3 3 3
161 2872 2892       5 5 5 5 5 5 5 3 3 3 3 3 3 3 3 3 3 3 3 2 2
161 2903 2910                                                                                                       5 5 5 3 3 3 3 3
162 2872 2889       5 5 5 5 5 5 5 3 3 3 3 3 3 3 3 3 3 3
162 2903 2908                                                                                                       5 3 3 3 3 3
163 2872 2886       5 5 5 5 5 5 3 3 3 3 3 3 3 3 3
163 2903 2906                                                                                                       3 3 3 3
164 2872 2883       5 5 5 5 5 3 3 3 3 3 3 3
164 2904 2905                                                                                                          3 3 
165 2873 2881          5 5 5 5 3 3 3 3 3
166 2874 2879             5 3 3 3 3 3
167 2875 2877                3 3 3
