#第一行名字内容，以后每行为高度 起始宽度 终止宽度 地域类型
1020905 永安 平阳 并州 大型县城 6
315 2876 2881                                                    5 5 5 5 5 5
316 2871 2881                                     5 5 5 5 5 5 5 5 5 5 5
317 2870 2882                                  5 5 5 5 5 5 5 5 5 5 5 5 5
318 2862 2882          1 1 3 3 3 3 5 5 5 5 5 5 5 5 5 5 5 5 5 5 5
319 2862 2883          1 1 3 3 3 3 5 5 5 5 5 5 5 5 5 5 5 5 5 5 5 5
320 2862 2883          1 1 3 3 3 3 5 5 5 5 5 5 5 5 5 5 5 5 5 5 5 5
321 2862 2884          1 1 1 3 3 3 3 5 5 5 5 5 5 5 5 5 5 5 5 5 5 5 5
322 2862 2884          1 1 1 1 3 3 3 5 5 5 5 5 5 5 5 5 5 5 5 5 5 5 5
323 2862 2885          1 1 1 1 1 3 3 5 5 5 5 5 5 5 5 5 5 5 5 5 5 5 5 3
324 2862 2884          1 1 1 1 4 4 4 4 4 3 5 5 5 5 5 5 5 5 5 5 5 5 5
325 2862 2882          1 1 1 1 4 6 6 6 4 3 3 5 5 5 5 5 5 5 5 5 5
326 2862 2880          1 1 1 1 4 6 7 6 4 1 1 1 5 5 5 5 5 5 5
327 2862 2878          1 1 1 1 4 6 6 6 4 1 1 1 5 5 5 5 5
328 2862 2876          1 1 1 1 4 4 4 4 4 1 1 1 5 5 5
329 2862 2874          1 1 1 1 1 1 1 1 1 1 1 1 5
330 2864 2872                1 1 1 1 1 1 1 1 1
331 2866 2872                      1 1 1 1 1 1 1
332 2868 2872                            1 1 1 1 1
333 2870 2872                                  1 1 1
334 2872 2872                                        1

