#第一行名字内容，以后每行为高度 起始宽度 终止宽度 地域类型
1020808 中阳 西河 并州 中型县城 5
247 2826 2833                                                         3 3 2 2 3 3 3 3
248 2826 2833                                                         3 3 3 2 2 3 3 3
249 2825 2832                                                      3 3 3 3 2 2 3 3
250 2825 2832                                                      3 3 3 3 2 2 3 3
251 2824 2831                                                   3 3 3 3 3 2 2 3
252 2824 2831                                                   3 3 3 3 3 3 2 2
252 2838 2838                                                                                             1
253 2823 2830                                                3 3 3 3 3 3 3 2
253 2836 2840                                                                                       1 1 1 1 1
254 2823 2830                                                3 3 3 3 3 5 5 5
254 2834 2842                                                                                 1 1 1 1 1 1 1 1 1
255 2822 2830                                             3 3 3 3 3 5 5 5 5
255 2832 2844                                                                           2 1 1 1 1 1 1 1 1 1 1 5 5
256 2822 2844                                             3 3 3 3 5 1 1 1 1 1 2 2 2 2 1 1 1 1 1 1 5 5 5
257 2822 2844                                             3 3 3 5 5 1 1 1 1 1 1 2 2 2 2 1 1 1 1 5 5 5 5
258 2821 2844                                          3 3 3 3 5 1 1 1 1 1 1 1 1 1 2 2 1 1 1 5 5 5 5 5
259 2821 2843                                          3 3 3 5 5 1 1 1 1 1 1 1 1 1 1 2 2 1 1 5 5 5 5
260 2821 2843                                          3 3 3 5 1 1 1 1 1 1 1 1 1 1 1 2 2 1 5 5 5 5 5
261 2820 2843                                       3 3 3 3 5 1 1 1 1 1 1 1 1 1 1 1 2 2 1 5 5 5 5 5
262 2820 2842                                       3 3 3 5 5 1 1 1 1 1 1 1 1 1 1 1 2 2 1 5 5 5 5
263 2820 2842                                       3 3 3 5 5 1 1 1 1 1 1 1 1 1 1 1 2 2 1 5 5 5 5
264 2822 2841                                             3 5 5 1 1 1 4 4 4 4 4 1 1 1 2 2 5 5 5 5
265 2822 2841                                             3 3 5 5 1 1 4 6 6 6 4 1 1 1 2 2 5 5 5 5
266 2822 2840                                             3 3 3 5 1 1 4 6 7 6 4 1 1 1 2 2 5 5 5
267 2821 2840                                          3 3 3 3 5 1 1 4 6 6 6 4 1 1 2 2 2 5 5 5
268 2821 2839                                          3 3 3 3 5 1 1 4 4 4 4 4 1 1 2 2 5 5 5
269 2820 2839                                       3 3 3 3 5 5 1 1 1 1 1 1 1 1 1 2 2 5 5 5
270 2819 2838                                    3 3 3 3 5 5 5 1 1 1 1 1 1 1 1 1 2 2 5 5
271 2818 2838                                 3 3 3 5 5 5 5 5 1 1 1 1 1 1 1 1 1 2 2 5 5
272 2818 2837                                 3 3 3 5 5 5 5 5 5 1 1 1 1 1 1 1 1 2 2 5
273 2818 2836                                 3 3 3 5 5 5 5 5 5 5 1 1 1 1 1 1 1 2 2
274 2818 2835                                 3 3 3 5 5 5 5 5 5 5 5 1 1 5 1 1 1 2
275 2826 2834                                                         5 5 5 5 5 5 5 5 5
276 2827 2833                                                            5 5 5 5 5 5 5
277 2828 2832                                                               5 5 5 5 5
278 2830 2831                                                                     5 5
