#第一行名字内容，以后每行为高度 起始宽度 终止宽度 地域类型
1020407 襄垣 上党 并州 大型县城 6
307 2924 2939                                1 1 1 1 1 1 1 1 1 1 1 1 1 1 1 1
308 2924 2940                                1 1 1 1 1 1 1 1 1 1 1 1 1 1 1 1 1
309 2924 2942                                1 1 1 1 1 1 1 1 1 1 1 1 1 1 1 1 1 1 1
310 2924 2944                                1 1 1 1 1 1 1 1 1 1 1 1 1 1 1 1 1 1 1 2 2
311 2923 2945                             1 1 1 1 1 1 1 1 1 1 1 1 1 1 1 1 1 2 2 2 2 2 1
312 2923 2946                             1 1 1 1 1 1 1 1 1 1 1 1 1 2 2 2 2 2 2 2 1 1 1 1
313 2922 2949                          1 1 1 1 1 1 1 1 2 2 2 2 2 2 2 2 2 2 1 1 1 1 1 1 1 1 1 1
314 2922 2949                          1 1 1 1 1 1 1 2 2 2 2 2 2 2 1 1 1 1 1 1 1 1 1 1 1 1 1 1
315 2921 2949                       1 1 1 1 1 1 1 1 2 2 1 1 1 1 1 4 4 4 4 4 1 1 1 1 1 1 1 1 1
316 2921 2949                       1 1 1 1 1 1 1 1 2 2 1 1 1 1 1 4 6 6 6 4 1 1 1 1 1 1 1 1 1
317 2920 2949                    1 1 1 1 1 1 1 1 2 2 1 1 1 1 1 1 4 6 7 6 4 1 1 1 1 1 1 1 1 1
318 2920 2949                    1 1 1 1 1 1 1 1 2 2 1 1 1 1 1 1 4 6 6 6 4 1 1 1 1 1 1 1 1 1
319 2919 2949                 1 1 1 1 1 1 1 1 1 2 2 1 1 1 1 1 1 4 4 4 4 4 1 1 1 1 1 1 1 1 1
320 2919 2949                 1 1 1 1 1 1 1 1 2 2 1 1 1 1 1 1 1 1 1 1 1 1 1 1 1 1 1 1 1 1 1
321 2919 2949                 1 1 1 1 1 1 1 1 2 2 1 1 1 1 1 1 1 1 1 1 1 1 1 1 1 1 1 1 1 1 1
322 2921 2937                       1 1 1 1 1 1 2 2 1 1 1 1 1 1 1 1 1
323 2922 2936                          1 1 1 1 2 2 1 1 1 1 1 1 1 1 1
324 2923 2935                             1 1 1 2 2 1 1 1 1 1 1 1 1
325 2924 2933                                1 1 2 2 1 1 1 1 1 1
326 2925 2932                                   2 2 1 1 1 1 1 1
327 2926 2931                                      2 1 1 1 1 1
328 2927 2930                                         1 1 1 1
