#第一行名字内容，以后每行为高度 起始宽度 终止宽度 地域类型
1020504 阳阿 建兴 并州 小型县城 3
367 2908 2915                                                                                    2 2 3 3 3 3 3 3
368 2909 2918                                                                                       2 2 3 3 3 3 3 3 3 3
369 2909 2921                                                                                       2 2 3 3 3 3 3 3 3 3 3 3 3
370 2909 2921                                                                                       2 2 3 3 3 3 3 3 3 3 3 3 3
371 2910 2921                                                                                          2 2 3 3 3 3 3 3 3 3 3 3
372 2895 2895                                             3
372 2910 2921                                                                                          2 2 3 3 3 3 3 3 3 3 3 3
373 2894 2897                                          3 3 3 3
373 2908 2921                                                                                    1 1 2 2 3 3 3 3 3 3 3 3 3 3
374 2893 2899                                       3 3 3 3 3 3 3
374 2906 2921                                                                                          3 1 1 1 2 2 3 3 3 3 3 3 3 3 3 3
375 2892 2901                                    3 3 3 3 3 3 3 3 3 3
375 2904 2921                                                                        3 3 3 1 1 1 2 2 3 3 3 3 3 3 3 3 3 3
376 2891 2921                                 3 3 3 3 3 3 3 3 3 3 3 3 3 3 3 3 1 1 1 2 2 3 3 3 3 3 3 3 3 3 3
377 2890 2921                              3 3 3 3 3 3 3 3 3 3 3 3 3 3 3 3 3 1 1 1 2 2 3 3 3 3 3 3 3 3 3 3
378 2890 2921                              3 3 3 3 3 3 3 3 3 3 3 3 3 3 3 3 3 1 1 1 2 2 3 3 3 3 3 3 3 3 3 3
379 2890 2921                              3 3 3 3 3 3 3 3 3 3 3 3 3 3 3 3 3 1 1 1 2 2 3 3 3 3 3 3 3 3 3 3
380 2890 2921                              3 3 3 3 3 3 3 3 3 3 3 3 3 3 3 3 3 1 1 1 2 2 3 3 3 3 3 3 3 3 3 3
381 2889 2921                           3 3 3 3 3 3 3 3 3 3 3 3 3 3 3 3 3 3 3 1 1 1 2 2 3 3 3 3 3 3 3 3 3
382 2889 2921                           3 3 3 3 3 3 3 3 3 3 3 3 3 3 3 3 3 3 3 1 1 1 2 2 3 3 3 3 3 3 3 3 3
383 2889 2921                           3 3 3 3 3 3 3 3 3 3 3 3 3 3 3 3 3 3 3 1 1 1 2 2 3 3 3 3 3 3 3 3 3
384 2888 2921                        3 3 3 3 3 3 3 3 3 3 3 3 3 3 3 3 3 3 3 3 1 1 1 2 2 3 3 3 3 3 3 3 3 3
385 2888 2921                        3 3 3 3 3 3 3 3 3 3 3 3 3 3 3 3 3 3 3 3 1 1 1 2 2 3 3 3 3 3 3 3 3 3
386 2888 2921                        3 3 3 3 3 3 3 3 3 3 3 3 3 3 3 3 3 3 3 3 1 1 1 2 2 3 3 3 3 3 3 3 3 3
387 2887 2921                     3 3 3 3 3 3 3 3 3 3 3 3 3 3 3 3 3 1 1 1 1 1 1 2 2 3 3 3 3 3 3 3 3 3 3
388 2887 2921                     3 3 3 3 3 3 3 3 3 3 3 3 1 1 1 1 1 1 1 1 1 1 1 2 2 3 3 3 3 3 3 3 3 3 3
389 2887 2921                     3 3 3 3 3 3 3 3 1 1 1 1 1 1 1 1 1 1 1 1 1 1 1 2 2 3 3 3 3 3 3 3 3 3 3
390 2886 2921                  3 3 3 3 3 3 3 1 1 1 1 1 1 1 1 1 1 1 1 1 1 1 1 1 2 2 3 3 3 3 3 3 3 3 3 3
391 2886 2921                  3 3 3 3 3 3 3 1 1 1 1 1 1 1 1 1 1 1 1 1 1 1 1 1 2 2 3 3 3 3 3 3 3 3 3 3
392 2886 2921                  3 3 3 3 3 3 3 1 1 1 1 1 1 1 1 1 1 1 1 1 1 1 1 1 2 2 3 3 3 3 3 3 3 3 3 3
393 2885 2921               3 3 3 3 3 3 3 1 1 1 1 1 4 4 4 4 4 1 1 1 1 1 1 1 1 2 2 3 3 3 3 3 3 3 3 3 3
394 2885 2921               3 3 3 3 3 3 3 1 1 1 1 1 4 6 6 6 4 1 1 1 1 1 1 1 1 2 2 3 3 3 3 3 3 3 3 3 3
395 2885 2921               3 3 3 3 3 3 3 1 1 1 1 1 4 6 7 6 4 1 1 1 1 1 1 1 1 2 2 3 3 3 3 3 3 3 3 3 3
396 2884 2918            3 3 3 3 3 3 3 3 1 1 1 1 1 4 6 6 6 4 1 1 1 1 1 1 1 1 2 2 3 3 3 3 3 3 3 
397 2884 2916            3 3 3 3 3 3 3 3 1 1 1 1 1 4 4 4 4 4 1 1 1 1 1 1 1 1 1 2 2 3 3 3 3
398 2884 2915            3 3 3 3 3 3 3 1 1 1 1 1 1 1 1 1 1 1 1 1 1 1 1 1 1 1 1 2 2 3 3 3
399 2883 2896         3 3 3 3 3 3 3 3 3 3 3 3 1 3
399 2907 2915                                                                                 3 1 1 1 1 2 2 3 3
400 2883 2896         3 3 3 3 3 3 3 3 3 3 3 3 3 3
400 2907 2915                                                                                 1 1 1 1 1 2 2 3 3         
401 2883 2896         3 3 3 3 3 3 3 3 3 3 3 3 3 3 
401 2907 2915                                                                                 3 3 1 1 1 1 2 2 3
402 2883 2896         3 3 3 3 3 3 3 3 3 3 3 3 3 3
402 2907 2915                                                                                 3 3 3 1 1 1 2 2 3
403 2883 2896         3 3 3 3 3 3 3 3 3 3 3 3 3 3
403 2907 2915                                                                                 3 3 3 3 1 1 1 2 2
404 2883 2896         3 3 3 3 3 3 3 3 3 3 3 3 3 3
404 2907 2915                                                                                 3 3 3 3 1 1 1 2 2
405 2884 2896            3 3 3 3 3 3 3 3 3 3 3 3 3
405 2907 2915                                                                                 3 3 3 3 3 1 1 1 2
406 2884 2896            3 3 3 3 3 3 3 3 3 3 3 3 3
406 2907 2915                                                                                 3 3 3 3 3 1 1 1 2
407 2884 2896            3 3 3 3 3 3 3 3 3 3 3 3 3
407 2908 2915                                                                                    3 3 3 3 1 1 1 2
408 2885 2896               3 3 3 3 3 3 3 3 3 3 3 3
408 2908 2915                                                                                    3 3 3 3 1 1 1 2
409 2885 2896               3 3 3 3 3 3 3 3 3 3 3 3
409 2908 2915                                                                                    3 3 3 3 1 1 1 2
410 2885 2896               3 3 3 3 3 3 3 3 3 3 3 3
410 2908 2915                                                                                    3 3 3 3 1 1 1 2
411 2886 2896                  3 3 3 3 3 3 3 3 3 3 3
411 2908 2915                                                                                    3 3 3 3 1 1 1 2
412 2886 2896                  3 3 3 3 3 3 3 3 3 3 3
412 2909 2915                                                                                       3 3 3 1 1 1 2
413 2886 2896                  3 3 3 3 3 3 3 3 3 3 3
413 2909 2915                                                                                       3 3 3 1 1 1 2
414 2885 2895               3 3 3 3 3 3 3 3 3 3 3
415 2885 2894               3 3 3 3 3 3 3 3 3 3
416 2885 2894               3 3 3 3 3 3 3 3 3 3
417 2884 2893            3 3 3 3 3 3 3 3 3 3
418 2884 2893            3 3 3 3 3 3 3 3 3 3
419 2884 2892            3 3 3 3 3 3 3 3 3
420 2885 2892               3 3 3 3 3 3 3 3
421 2885 2891               3 3 3 3 3 3 3
422 2886 2891                  3 3 3 3 3 3
423 2886 2890                  3 3 3 3 3
424 2887 2890                     3 3 3 3
425 2888 2889                        3 3
