#第一行名字内容，以后每行为高度 起始宽度 终止宽度 地域类型
1020706 定襄 雁门 并州 大型县城 7
163 2923 2955                                                1 1 1 1 1 1 1 1 1 1 1 1 1 1 1 1 1 1 1 1 1 1 1 1 1 1 1 1 1 1 1 1 2
164 2921 2956                                          1 1 1 1 1 1 1 1 1 1 1 1 1 1 1 1 1 1 1 1 1 1 1 1 1 1 1 1 1 1 1 1 1 2 2 1
165 2920 2957                                       1 1 1 1 1 1 1 1 1 1 1 1 1 1 1 1 1 1 4 4 4 4 4 1 1 1 1 1 1 2 2 2 2 2 2 2 1 1
166 2920 2958                                       1 1 1 1 1 1 1 1 1 1 1 1 1 1 1 1 1 1 4 6 6 6 4 1 2 2 2 2 2 2 2 2 2 2 2 2 1 1 1
167 2921 2961                                          1 1 1 1 1 1 1 1 1 1 1 1 1 1 1 1 1 4 6 7 6 4 2 2 2 2 2 2 1 1 1 1 1 2 2 2 1 1 1 1 1
168 2921 2963                                          1 1 1 1 1 1 1 1 1 1 1 1 1 1 2 2 2 4 6 6 6 4 2 1 1 1 1 1 1 1 1 1 1 1 1 2 2 1 1 1 1 2 2
169 2922 2963                                             1 1 1 1 1 1 1 1 1 1 2 2 2 2 2 2 4 4 4 4 4 1 1 1 1 1 1 1 1 1 1 1 1 1 1 2 2 1 1 1 2 2
170 2922 2962                                             1 1 1 1 1 2 2 2 2 2 2 2 2 1 1 1 1 1 1 1 1 1 1 1 1 1 1 1 1 1 1 1 1 1 1 2 2 2 2 2 2
171 2923 2961                                                2 2 2 2 2 2 2 2 2 1 1 1 1 1 1 1 1 1 1 1 1 1 1 1 1 1 1 1 1 1 1 1 1 1 1 2 2 2 2
172 2923 2958                                                2 2 2 2 1 1 1 1 1 1 1 1 1 1 1 1 1 1 1 1 1 1 1 1 1 1 1 1 1 1 1 1 5 5 5 5
173 2924 2955                                                   1 1 1 1 1 1 1 1 1 1 1 1 1 1 1 1 1 1 1 1 1 1 1 1 1 1 1 1 5 5 5 5
174 2924 2952                                                   1 1 1 1 1 1 1 1 1 1 1 1 1 1 1 1 1 1 1 1 1 1 1 1 1 5 5 5 5
175 2926 2950                                                         1 1 1 1 1 1 1 1 1 1 1 1 1 1 1 1 1 5 5 5 5 5 5 5 5
176 2927 2950                                                            1 1 1 1 1 1 1 1 1 1 1 1 5 5 5 5 5 5 5 5 5 5 5 5
177 2928 2949                                                               1 1 1 1 1 1 1 1 5 5 5 5 5 5 5 5 5 5 5 5 5 5
178 2929 2949                                                                  1 1 1 1 5 5 5 5 5 5 5 5 5 5 5 5 5 5 5 5 5
179 2929 2948                                                                  1 1 5 5 5 5 5 5 5 5 5 5 5 5 5 5 5 5 5 5
180 2930 2948                                                                     5 5 5 5 5 5 5 5 5 5 5 5 5 5 5 5 5 5 5
