#第一行名字内容，以后每行为高度 起始宽度 终止宽度 地域类型
1020406 谷远 上党 并州 小型县城 4
287 2883 2907               3 3 3 3 3 5 5 5 5 5 5 5 5 5 2 5 5 5 5 5 5 5 5 5 5
288 2883 2907               3 3 3 3 5 5 5 5 5 5 5 5 5 5 2 5 5 5 5 5 5 5 5 5 5
289 2882 2907            3 3 3 3 5 5 5 5 5 5 5 5 5 5 5 2 5 5 5 5 5 5 5 5 5 5
290 2882 2907            3 3 5 5 5 5 5 5 5 5 5 5 5 5 5 2 5 5 5 5 5 5 5 5 3 3
291 2882 2907            3 5 5 5 5 5 5 5 5 5 5 5 5 5 5 2 2 5 5 5 5 5 3 3 3 3
292 2882 2907            5 5 5 5 5 5 5 5 5 5 5 5 5 5 5 2 2 5 5 5 5 3 3 3 3 3
293 2882 2906            5 5 5 5 5 5 5 5 5 5 5 5 5 3 3 2 2 5 5 5 5 3 3 3 3
294 2882 2906            5 5 5 5 5 5 5 5 5 5 5 5 3 3 3 2 2 5 5 3 3 3 3 3 3
295 2883 2908               5 5 5 5 5 5 5 5 5 5 3 3 3 3 3 2 2 3 3 3 3 3 3 3 3 3
296 2883 2907               5 5 5 5 5 5 5 5 5 3 3 3 3 3 3 2 2 3 3 3 3 3 3 3 3
297 2883 2907               5 5 5 5 5 5 5 5 3 3 3 3 3 3 3 2 2 3 3 3 3 3 3 3 3
298 2883 2907               5 5 5 5 5 5 5 3 3 3 3 3 3 3 3 2 2 3 3 3 3 3 3 3 3
299 2884 2906                  5 5 5 5 5 5 3 3 3 3 3 3 3 3 2 2 3 3 3 3 3 3 3
300 2884 2907                  5 5 5 5 5 3 3 3 3 3 3 3 3 3 2 2 3 3 3 3 3 3 3 3
301 2884 2906                  5 5 5 5 5 3 3 3 3 3 3 3 3 3 3 2 2 3 3 3 3 3 3
302 2881 2907         5 5 5 5 5 5 5 3 3 3 3 3 3 3 3 3 3 3 2 2 3 3 3 3 3 3 3
303 2881 2907         5 5 5 5 5 5 5 3 3 3 3 3 3 3 3 3 3 3 2 2 3 3 3 3 3 3 3
304 2881 2908         5 5 5 5 5 3 3 3 3 3 3 3 3 3 3 3 3 3 3 2 2 3 3 3 3 3 3 3
305 2880 2907      5 5 5 5 5 3 3 3 3 3 3 3 3 3 3 3 3 3 3 3 2 2 3 3 3 3 3 3
306 2881 2907         5 5 5 5 3 3 3 3 3 3 3 3 3 3 3 3 3 3 3 2 2 3 3 3 3 3 3
307 2880 2908      5 5 5 5 3 3 3 3 3 3 3 3 3 3 3 3 3 3 3 3 2 2 3 3 3 3 3 3 3
308 2880 2907      5 5 5 5 3 3 3 3 3 3 3 3 3 3 3 3 3 3 3 2 2 3 3 3 3 3 3 3
309 2881 2908         5 5 3 3 3 3 3 3 3 3 3 3 3 3 3 3 3 3 2 2 3 3 3 3 3 3 3 3
310 2880 2907      5 5 5 3 3 3 3 3 3 3 3 3 3 3 3 3 3 3 3 3 2 2 3 3 3 3 3 3
311 2881 2907         5 5 3 3 3 3 3 3 3 3 3 3 3 3 3 3 3 3 3 2 2 3 3 3 3 3 3
312 2881 2906         5 5 3 3 3 3 3 3 3 3 3 3 3 3 3 3 3 3 3 3 2 2 3 3 3 3
313 2880 2908      5 5 5 3 3 3 3 3 3 3 3 3 3 3 3 3 3 3 3 3 3 2 2 3 3 3 3 3 3
314 2881 2906         5 5 3 3 3 3 3 3 3 3 3 3 3 3 3 3 3 3 3 3 2 2 3 3 3 3
315 2882 2906            5 3 3 3 3 3 3 3 3 3 3 3 3 3 3 3 3 3 3 2 2 3 3 3 3
316 2882 2907            5 3 3 3 3 3 3 3 3 3 3 3 3 3 3 3 3 3 3 2 2 3 3 3 3 3
317 2883 2907               3 3 3 3 3 3 3 3 3 3 3 3 3 3 3 3 3 3 2 2 3 3 3 3 3
318 2883 2906               3 3 3 3 3 3 1 1 3 1 3 1 1 3 1 1 3 3 2 2 3 3 3 3
319 2884 2907                  3 3 3 3 1 1 1 1 1 1 1 1 1 1 1 1 1 1 2 2 3 3 3 3
320 2884 2907                  3 3 3 1 1 1 1 1 1 1 1 1 1 1 1 1 1 1 2 2 3 3 3 3
321 2885 2907                     3 3 1 1 1 1 1 1 1 4 4 4 4 4 1 1 1 2 2 3 3 3 3
322 2885 2907                     3 3 1 1 1 1 1 1 1 4 6 6 6 4 1 1 1 2 2 3 3 3 3
323 2886 2906                        3 3 1 1 1 1 1 1 4 6 7 6 4 1 1 1 1 2 2 3 3
324 2886 2908                        3 3 3 1 1 1 1 1 4 6 6 6 4 1 1 1 1 2 2 3 3 3 3
325 2887 2908                           3 3 1 1 1 1 1 4 4 4 4 4 1 1 1 1 2 2 3 3 3 3
326 2888 2906                              3 3 1 1 1 1 1 1 1 1 1 1 1 1 1 2 2 3 3
327 2889 2906                                 3 3 3 1 1 1 1 1 1 1 1 1 1 1 2 2 3 3
328 2890 2908                                    3 3 1 1 1 1 1 1 1 1 1 3 1 2 2 3 3 3 3
329 2891 2907                                       3 3 3 1 1 3 1 1 3 1 3 1 2 2 3 3 3
330 2892 2907                                          3 3 3 3 3 3 3 3 3 3 1 1 2 2 3 3
331 2893 2907                                             3 3 3 3 3 3 3 3 3 1 1 2 2 3 3
332 2894 2908                                                3 3 3 3 3 3 3 3 1 1 2 2 3 3 3
333 2895 2906                                                   3 3 3 3 3 3 3 1 1 1 2 2
334 2896 2907                                                      3 3 3 3 3 3 1 1 1 2 2 3
335 2897 2908                                                         3 3 3 3 3 1 1 1 2 2 3 3
336 2898 2907                                                            3 3 3 3 1 1 1 2 2 3
337 2899 2907                                                               3 3 3 1 1 1 2 2 3
338 2900 2906                                                                  3 3 3 1 1 1 2
339 2901 2907                                                                     3 3 1 1 1 2 2
340 2902 2907                                                                        3 1 1 1 2 2
