#第一行名字内容，以后每行为高度 起始宽度 终止宽度 地域类型
1020807 吴堡 西河 并州 大型县城 6
235 2816 2819                                             2 1 1 5
236 2813 2820                                    2 2 2 2 1 1 5 5
237 2813 2821                                    2 2 2 2 2 1 1 5 5
238 2813 2822                                    2 2 2 2 2 1 1 5 5 5
239 2813 2822                                    2 2 2 2 2 1 1 5 5 5
240 2812 2823                                 2 2 2 2 2 1 1 5 5 5 5 5
241 2812 2823                                 2 2 2 2 2 1 1 1 1 5 5 5
242 2812 2824                                 2 2 2 2 2 1 1 1 1 3 5 5 5
243 2811 2824                              2 2 2 2 2 1 1 1 1 1 1 3 5 5
244 2811 2825                              2 2 2 2 2 1 1 1 1 1 1 1 1 1 1
245 2811 2825                              2 2 2 2 2 1 1 1 1 1 1 1 1 1 1
246 2811 2826                              2 2 2 2 2 1 1 1 1 1 1 1 1 1 2 2
247 2811 2825                              2 2 2 2 2 1 1 1 1 1 2 2 2 2 2
248 2810 2825                           2 2 2 2 2 1 1 1 2 2 2 2 2 2 2 1
249 2810 2824                           2 2 2 2 2 2 2 2 2 2 2 1 1 1 1
250 2808 2824                     2 2 2 2 2 2 2 2 2 2 1 1 1 1 1 1 1
251 2807 2823                  2 2 2 2 2 1 1 1 1 1 1 1 1 1 1 1 1
252 2806 2823               2 2 2 2 2 1 1 1 1 1 1 1 1 1 1 1 1 1
253 2805 2822            2 2 2 2 2 1 1 1 1 1 1 1 1 1 1 1 1 1
254 2805 2822            2 2 2 2 2 1 1 1 1 1 1 1 1 1 1 1 1 1
255 2806 2821               2 2 2 2 2 1 1 1 1 1 1 1 1 1 1 1
256 2806 2821               2 2 2 2 2 1 1 4 4 4 4 4 1 1 1 1
257 2806 2821               2 2 2 2 2 1 1 4 6 6 6 4 1 1 1 1
258 2807 2820                  2 2 2 2 2 1 4 6 7 6 4 1 1 1
259 2807 2820                  2 2 2 2 2 1 4 6 6 6 4 1 1 1
260 2807 2820                  2 2 2 2 2 1 4 4 4 4 4 1 1 1
261 2807 2819                  2 2 2 2 2 1 1 1 1 1 1 1 1
262 2807 2819                  2 2 2 2 2 1 1 1 1 1 1 1 1
263 2807 2819                  2 2 2 2 2 1 1 1 1 1 1 1 1 1
264 2807 2821                  2 2 2 2 2 1 1 1 1 1 1 1 1 1 1
265 2808 2821                     2 2 2 2 3 1 1 1 1 1 1 1 1 1
266 2808 2821                     2 2 2 2 1 1 3 3 3 3 3 3 3 3
267 2809 2820                        2 2 1 1 1 3 3 3 3 3 3 3
268 2809 2820                        2 2 1 1 3 3 3 3 3 3 3 3
269 2810 2819                           2 1 3 3 3 3 3 3 3 3
270 2811 2818                              1 3 3 3 3 3 3 3
271 2815 2817                                          3 3 3
272 2816 2817                                             3 3
