#第一行名字内容，以后每行为高度 起始宽度 终止宽度 地域类型
1020915 大宁 平阳 并州 小型县城 4
322 2816 2820                                                 3 3 3 3 3
323 2813 2820                                        3 3 3 3 3 3 3 3
324 2811 2820                                  3 3 3 3 3 3 3 3 3 3
325 2809 2820                            3 3 3 3 3 3 3 3 3 3 3 3
326 2807 2820                      3 3 3 3 3 3 3 3 3 3 3 3 3 3
327 2804 2820             2 3 3 3 3 3 3 3 3 3 3 3 3 3 3 3 3
328 2800 2821 2 2 2 2 2 3 3 3 3 3 3 3 3 3 3 3 3 3 3 3 3 3
329 2800 2821 2 2 2 2 2 3 3 3 3 3 3 3 3 3 3 3 1 1 1 1 1 1
330 2800 2821 2 2 2 2 2 3 3 3 3 3 3 3 3 3 3 1 2 2 2 2 2 2
331 2800 2821 2 2 2 2 2 3 3 3 3 3 3 3 3 1 1 2 3 3 3 3 3 3
332 2800 2821 2 2 2 2 2 3 3 3 1 1 3 1 1 4 4 4 4 4 1 3 3 3
333 2800 2822 2 2 2 2 2 3 3 1 1 1 1 1 1 4 6 6 6 4 1 3 3 3 3
334 2800 2823 2 2 2 2 2 3 3 1 1 1 1 1 1 4 6 7 6 4 1 3 3 3 3 3
335 2800 2824 2 2 2 2 2 3 3 1 1 2 2 2 2 4 6 6 6 4 1 3 3 3 3 3 3
336 2800 2825 2 2 2 2 2 2 2 2 2 2 2 2 2 4 4 4 4 4 1 1 3 3 3 3 3 3
337 2800 2826 2 2 2 2 2 3 3 1 1 1 1 1 1 1 1 1 1 1 1 1 3 3 3 3 3 3 3
338 2810 2827                              1 1 1 1 1 1 1 1 1 1 3 3 3 3 3 3 3 3
339 2816 2828                                               1 1 1 3 3 3 3 3 3 3 3 3 3
340 2821 2829                                                             3 3 3 3 3 3 3 3 3
