#第一行名字内容，以后每行为高度 起始宽度 终止宽度 地域类型
1020703 原平 新兴 并州 中型县城 5
123 2915 2918                                                                                   5 5 5 5 5
124 2916 2919                                                                                      5 5 5 5 5
125 2916 2919                                                                                      5 5 5 5 5
126 2916 2919                                                                                      5 5 5 5 5
127 2916 2919                                                                                      5 5 5 5 5
128 2916 2919                                                                                      5 5 5 5 5
129 2916 2920                                                                                      5 5 5 5 5 5
130 2915 2921                                                                                   5 5 5 5 5 5 5 5
131 2915 2922                                                                                   5 5 5 5 5 5 5 5
132 2914 2924                                                                                5 5 5 5 5 5 5 5 5 1 1
133 2913 2926                                                                             5 5 5 5 5 5 5 5 5 1 1 1 1 1
134 2910 2928                                                                    5 5 5 5 5 5 5 5 1 1 1 1 1 1 1 1 1 1 1
135 2910 2930                                                                    5 5 5 5 5 5 5 1 1 1 1 1 1 1 1 1 1 1 1 1 1
136 2910 2931                                                                    5 5 5 5 5 5 5 1 1 1 1 1 1 1 1 1 1 1 1 1 1 1
137 2910 2932                                                                    5 5 5 5 5 5 5 1 1 1 1 1 1 1 1 1 1 1 1 1 1 1 1
138 2910 2933                                                                    5 5 5 5 5 5 5 1 1 1 1 1 1 1 1 1 1 1 1 1 1 1 1 1
139 2910 2934                                                                    5 5 5 5 5 5 5 1 1 1 1 1 1 1 1 1 1 1 2 2 2 2 2 2 2
140 2910 2935                                                                    5 5 1 5 5 1 5 1 1 1 1 1 1 1 1 1 1 1 2 2 2 2 2 2 2 2
141 2910 2937                                                                    1 1 1 5 1 1 1 1 1 1 1 1 1 1 1 1 1 2 2 1 1 1 1 1 1 1 1 1
142 2910 2939                                                                    1 5 1 1 1 5 1 1 1 1 1 1 1 1 1 1 1 2 2 1 1 1 1 3 3 3 1 3 1 3
143 2910 2941                                                                    5 5 5 5 5 5 5 5 1 1 1 1 1 1 1 1 1 1 2 2 2 1 1 1 3 3 3 3 3 3 3 3
144 2910 2942                                                                    5 5 5 5 5 5 5 5 1 1 1 1 1 1 1 1 1 1 2 2 2 2 2 2 1 1 3 3 3 3 3 3 3
145 2910 2943                                                                    5 5 5 5 5 5 5 5 5 1 1 1 1 1 1 1 1 1 1 1 1 2 2 2 2 1 3 3 3 3 3 3 3 3
146 2910 2945                                                                    5 5 5 5 5 5 5 5 1 1 1 1 1 1 1 1 1 1 1 1 1 1 1 2 2 1 1 3 3 3 3 3 3 3 3 3
147 2910 2947                                                                    5 5 5 5 5 5 5 5 5 1 1 1 1 1 1 1 1 4 4 4 4 4 1 2 2 1 1 1 1 3 3 3 3 3 3 3 3 3
148 2910 2948                                                                    5 5 5 5 5 5 5 5 1 1 1 1 1 1 1 1 1 4 6 6 6 4 1 1 2 2 1 1 3 3 3 3 3 3 3 3 3 3 3
149 2910 2949                                                                    5 5 5 5 5 5 5 5 5 1 1 1 1 1 1 1 1 4 6 7 6 4 1 1 2 2 1 1 3 3 3 3 3 3 3 3 3 3 3 3
150 2910 2951                                                                    5 5 5 5 5 5 5 5 5 1 1 1 1 1 1 1 1 4 6 6 6 4 1 1 1 2 2 1 3 3 3 3 3 3 3 3 3 3 3 3 3 3
151 2910 2913                                                                    5 5 5 5
151 2916 2952                                                                                      5 5 5 1 1 1 1 1 1 1 1 4 4 4 4 4 1 1 1 2 2 1 1 1 3 3 3 3 3 3 3 3 3 3 3 3 3
152 2910 2912                                                                    5 5 5
152 2916 2952                                                                                      5 5 1 1 1 1 1 1 1 1 1 1 1 1 1 1 1 1 1 1 2 2 2 2 1 1 3 3 3 3 3 3 3 3 3 3 3
153 2916 2951                                                                                      5 5 1 1 1 1 1 1 1 1 1 1 1 1 1 1 1 1 1 1 2 2 2 2 2 2 2 1 1 3 3 3 3 3 3 3
154 2916 2950                                                                                      5 5 1 1 1 1 1 1 1 1 1 1 1 1 1 1 1 1 1 1 1 1 1 1 2 2 2 2 2 1 1 1 1 1 1
155 2916 2949                                                                                      5 1 1 1 1 1 1 1 1 1 1 1 1 1 1 1 1 1 1 1 1 1 1 1 1 1 1 2 2 2 2 2 1 1
156 2916 2948                                                                                      1 1 1 1 1 1 1 1 1 1 1 1 1 1 1 1 1 1 1 1 1 1 1 1 1 1 1 1 1 2 2 2 2
157 2916 2949                                                                                      1 1 1 1 1 1 1 1 1 1 1 1 1 1 1 1 1 1 1 1 1 1 1 1 1 1 1 1 1 1 1 1 2 2
158 2916 2950                                                                                      1 1 1 1 1 1 1 1 1 1 1 1 1 1 1 1 1 1 1 1 1 1 1 1 1 1 1 1 1 1 1 1 1 1 1
159 2915 2951                                                                                   1 1 1 1 1 1 1 1 1 1 1 1 1 1 1 1 1 1 1 1 1 1 1 1 1 1 1 1 1 1 1 1 1 1 1 1 1
160 2913 2953                                                                             1 1 1 1 1 1 1 1 1 1 1 1 1 1 1 1 1 1 1 1 1 1 1 1 1 1 1 1 1 1 1 1 1 1 1 1 1 1 1 1 1
161 2913 2954                                                                             1 1 1 1 1 1 1 1 1 1 1 1 1 1 1 1 1 1 1 1 1 1 1 1 1 1 1 1 1 1 1 1 1 1 1 1 1 1 1 1 1 1
162 2914 2954                                                                                1 1 1 1 1 1 1 1 1 1 1 1 1 1 1 1 1 1 1 1 1 1 1 1 1 1 1 1 1 1 1 1 1 1 1 1 1 1 1 1 1
163 2915 2922                                                                                      1 1 1 1 1 1 1 1
164 2916 2920                                                                                         1 1 1 1 1
165 2917 2919                                                                                            1 1 1
